0 0.327734375 0.6381944444444444 0.341015625 0.6409722222222223 0.34921875 0.6458333333333334 0.36484375 0.6569444444444444 0.373046875 0.6680555555555555 0.390234375 0.6680555555555555 0.401171875 0.6548611111111111 0.404296875 0.64375 0.4015625 0.6270833333333333 0.3984375 0.6222222222222222 0.3875 0.6118055555555556 0.380859375 0.6020833333333333 0.3625 0.5881944444444445 0.355078125 0.5875 0.34921875 0.5916666666666667 0.34296875 0.5861111111111111 0.335546875 0.5847222222222223 0.320703125 0.5951388888888889 0.318359375 0.6048611111111111 0.31796875 0.61875 0.327734375 0.6381944444444444
0 0.33046875 0.5118055555555555 0.341015625 0.5138888888888888 0.35390625 0.5229166666666667 0.358984375 0.5194444444444445 0.36328125 0.5118055555555555 0.36953125 0.4979166666666667 0.369921875 0.4909722222222222 0.35546875 0.4701388888888889 0.348046875 0.46875 0.33984375 0.47430555555555554 0.328515625 0.49444444444444446 0.328125 0.5048611111111111 0.33046875 0.5118055555555555
0 0.23046875 0.44930555555555557 0.2578125 0.4638888888888889 0.266015625 0.4652777777777778 0.27578125 0.46041666666666664 0.28125 0.4534722222222222 0.2796875 0.4388888888888889 0.272265625 0.4284722222222222 0.26484375 0.4236111111111111 0.2390625 0.42430555555555555 0.23359375 0.4263888888888889 0.22890625 0.4326388888888889 0.22734375 0.4409722222222222 0.23046875 0.44930555555555557
0 0.11796875 0.48333333333333334 0.11953125 0.49722222222222223 0.128515625 0.5020833333333333 0.136328125 0.4965277777777778 0.1453125 0.49722222222222223 0.14609375 0.4909722222222222 0.144140625 0.4666666666666667 0.14140625 0.4625 0.126953125 0.44722222222222224 0.11484375 0.44583333333333336 0.109765625 0.4479166666666667 0.10859375 0.4534722222222222 0.11796875 0.48333333333333334
0 0.031640625 0.32013888888888886 0.03828125 0.3194444444444444 0.044140625 0.3277777777777778 0.053125 0.33402777777777776 0.0640625 0.3326388888888889 0.066015625 0.32569444444444445 0.066015625 0.31875 0.063671875 0.3104166666666667 0.058203125 0.3020833333333333 0.053515625 0.29930555555555555 0.040234375 0.30277777777777776 0.033203125 0.3076388888888889 0.030859375 0.31319444444444444 0.030078125 0.3173611111111111 0.031640625 0.32013888888888886
0 0.55859375 0.3458333333333333 0.5640625 0.3590277777777778 0.58125 0.3611111111111111 0.584765625 0.3590277777777778 0.5859375 0.35347222222222224 0.58515625 0.3423611111111111 0.5828125 0.33194444444444443 0.5765625 0.3194444444444444 0.572265625 0.3159722222222222 0.5609375 0.31527777777777777 0.555078125 0.3173611111111111 0.552734375 0.3236111111111111 0.553125 0.3388888888888889 0.55859375 0.3458333333333333
0 0.630078125 0.30416666666666664 0.6421875 0.3055555555555556 0.64453125 0.30416666666666664 0.647265625 0.2965277777777778 0.638671875 0.2763888888888889 0.626171875 0.27152777777777776 0.622265625 0.27152777777777776 0.61953125 0.27569444444444446 0.619921875 0.2923611111111111 0.630078125 0.30416666666666664
0 0.6484375 0.2951388888888889 0.659375 0.29444444444444445 0.66015625 0.2826388888888889 0.654296875 0.26805555555555555 0.65 0.2652777777777778 0.639453125 0.26458333333333334 0.636328125 0.26875 0.6359375 0.27291666666666664 0.6484375 0.2951388888888889
0 0.66875 0.2701388888888889 0.677734375 0.27361111111111114 0.68359375 0.2722222222222222 0.684765625 0.2590277777777778 0.6796875 0.24166666666666667 0.675 0.23958333333333334 0.662890625 0.24513888888888888 0.662890625 0.25972222222222224 0.66875 0.2701388888888889
0 0.680859375 0.24305555555555555 0.685546875 0.26180555555555557 0.69140625 0.2625 0.697265625 0.25833333333333336 0.698046875 0.2513888888888889 0.693359375 0.2361111111111111 0.689453125 0.2298611111111111 0.68515625 0.22708333333333333 0.675390625 0.23333333333333334 0.675 0.2375 0.680859375 0.24305555555555555
0 0.69296875 0.23472222222222222 0.699609375 0.25416666666666665 0.70625 0.2534722222222222 0.710546875 0.24791666666666667 0.71015625 0.23958333333333334 0.702734375 0.225 0.696875 0.22152777777777777 0.689453125 0.22361111111111112 0.6875 0.22708333333333333 0.69296875 0.23472222222222222
0 0.709375 0.23402777777777778 0.712890625 0.24513888888888888 0.7203125 0.24930555555555556 0.725390625 0.24513888888888888 0.72578125 0.23333333333333334 0.719921875 0.21736111111111112 0.7109375 0.21180555555555555 0.7015625 0.21458333333333332 0.70078125 0.21944444444444444 0.709375 0.23402777777777778
0 0.7265625 0.225 0.741015625 0.23055555555555557 0.74375 0.2263888888888889 0.74453125 0.21319444444444444 0.737890625 0.1986111111111111 0.725390625 0.19583333333333333 0.71953125 0.20347222222222222 0.719921875 0.21597222222222223 0.7265625 0.225
0 0.75 0.19583333333333333 0.767578125 0.20694444444444443 0.771875 0.20625 0.774609375 0.20208333333333334 0.775 0.19166666666666668 0.770703125 0.18125 0.759375 0.17569444444444443 0.7484375 0.17847222222222223 0.7484375 0.19305555555555556 0.75 0.19583333333333333
0 0.856640625 0.12777777777777777 0.860546875 0.12986111111111112 0.868359375 0.1284722222222222 0.873828125 0.11944444444444445 0.875 0.09861111111111111 0.866796875 0.09652777777777778 0.86171875 0.09930555555555555 0.857421875 0.10486111111111111 0.855078125 0.11458333333333333 0.8546875 0.12361111111111112 0.856640625 0.12777777777777777
0 0.901171875 0.09722222222222222 0.90703125 0.09305555555555556 0.908984375 0.08402777777777778 0.9046875 0.07777777777777778 0.89921875 0.07708333333333334 0.8953125 0.08055555555555556 0.89296875 0.08680555555555555 0.89375 0.09791666666666667 0.901171875 0.09722222222222222
0 0.820703125 0.44513888888888886 0.827734375 0.45625 0.846484375 0.4618055555555556 0.851953125 0.45555555555555555 0.856640625 0.44583333333333336 0.856640625 0.4423611111111111 0.8515625 0.43194444444444446 0.843359375 0.425 0.84296875 0.41458333333333336 0.835546875 0.40694444444444444 0.815625 0.40347222222222223 0.806640625 0.40625 0.804296875 0.4111111111111111 0.8046875 0.4284722222222222 0.820703125 0.44513888888888886
0 0.8515625 0.4222222222222222 0.866015625 0.4222222222222222 0.8703125 0.4152777777777778 0.867578125 0.3972222222222222 0.862109375 0.3902777777777778 0.842578125 0.3840277777777778 0.835546875 0.3861111111111111 0.83125 0.39305555555555555 0.83125 0.4013888888888889 0.8515625 0.4222222222222222
0 0.84609375 0.38263888888888886 0.85234375 0.38333333333333336 0.8671875 0.39305555555555555 0.86953125 0.4048611111111111 0.873046875 0.4097222222222222 0.876953125 0.41041666666666665 0.880078125 0.4076388888888889 0.8828125 0.40069444444444446 0.8828125 0.39375 0.874609375 0.3770833333333333 0.868359375 0.3736111111111111 0.853515625 0.3715277777777778 0.844921875 0.3763888888888889 0.84375 0.3798611111111111 0.84609375 0.38263888888888886
0 0.85 0.37083333333333335 0.87109375 0.37430555555555556 0.875390625 0.3770833333333333 0.87890625 0.38680555555555557 0.883203125 0.38958333333333334 0.89296875 0.38680555555555557 0.89609375 0.3715277777777778 0.89921875 0.3659722222222222 0.898046875 0.3638888888888889 0.894921875 0.36527777777777776 0.884765625 0.35138888888888886 0.87734375 0.34652777777777777 0.85703125 0.3451388888888889 0.85234375 0.34791666666666665 0.85078125 0.3548611111111111 0.84921875 0.36527777777777776 0.85 0.37083333333333335
0 0.85859375 0.34444444444444444 0.88046875 0.34652777777777777 0.88671875 0.35 0.890625 0.35833333333333334 0.904296875 0.35833333333333334 0.905859375 0.35555555555555557 0.9046875 0.3506944444444444 0.9 0.35347222222222224 0.898046875 0.3458333333333333 0.89921875 0.3416666666666667 0.889453125 0.33125 0.86875 0.32569444444444445 0.859375 0.3277777777777778 0.857421875 0.33194444444444443 0.85625 0.3416666666666667 0.85859375 0.34444444444444444
0 0.89453125 0.36944444444444446 0.897265625 0.3701388888888889 0.89921875 0.3659722222222222 0.894921875 0.3597222222222222 0.891015625 0.3597222222222222 0.890234375 0.3625 0.89453125 0.36944444444444446
0 0.876953125 0.32708333333333334 0.89140625 0.3333333333333333 0.897265625 0.3458333333333333 0.903125 0.35 0.90234375 0.35208333333333336 0.904296875 0.35625 0.9125 0.3451388888888889 0.912890625 0.33194444444444443 0.905078125 0.3236111111111111 0.89375 0.31805555555555554 0.876171875 0.32083333333333336 0.87421875 0.32430555555555557 0.876953125 0.32708333333333334
0 0.8765625 0.3194444444444444 0.896484375 0.31875 0.905859375 0.3236111111111111 0.910546875 0.33125 0.914453125 0.3326388888888889 0.921875 0.3277777777777778 0.9203125 0.32013888888888886 0.921484375 0.30694444444444446 0.91484375 0.30069444444444443 0.890234375 0.3013888888888889 0.885546875 0.29930555555555555 0.87734375 0.30277777777777776 0.874609375 0.30833333333333335 0.873828125 0.31666666666666665 0.8765625 0.3194444444444444
0 0.89296875 0.30069444444444443 0.911328125 0.2986111111111111 0.91875 0.30069444444444443 0.936328125 0.28958333333333336 0.936328125 0.28541666666666665 0.933984375 0.28194444444444444 0.921484375 0.2777777777777778 0.90078125 0.2791666666666667 0.893359375 0.28194444444444444 0.88984375 0.2861111111111111 0.88984375 0.2972222222222222 0.89296875 0.30069444444444443
0 0.907421875 0.2777777777777778 0.925 0.2763888888888889 0.936328125 0.2798611111111111 0.93828125 0.27291666666666664 0.933984375 0.2638888888888889 0.926953125 0.2611111111111111 0.9109375 0.26319444444444445 0.9046875 0.26944444444444443 0.9046875 0.27569444444444446 0.907421875 0.2777777777777778
0 0.912109375 0.26180555555555557 0.9234375 0.2604166666666667 0.936328125 0.26458333333333334 0.950390625 0.25277777777777777 0.951953125 0.24722222222222223 0.95 0.24375 0.92734375 0.24444444444444444 0.910546875 0.2548611111111111 0.91015625 0.2590277777777778 0.912109375 0.26180555555555557
0 0.786328125 0.7423611111111111 0.80390625 0.7534722222222222 0.805078125 0.75625 0.80390625 0.7652777777777777 0.80625 0.76875 0.816015625 0.775 0.819921875 0.7722222222222223 0.820703125 0.76875 0.81875 0.7645833333333333 0.82109375 0.7402777777777778 0.819140625 0.7354166666666667 0.80234375 0.7236111111111111 0.79609375 0.7236111111111111 0.789453125 0.7305555555555555 0.78984375 0.7340277777777777 0.786328125 0.7423611111111111
0 0.838671875 0.7590277777777777 0.846875 0.7506944444444444 0.851171875 0.7340277777777777 0.844140625 0.7256944444444444 0.837109375 0.7236111111111111 0.83359375 0.7305555555555555 0.830859375 0.7479166666666667 0.830859375 0.7604166666666666 0.838671875 0.7590277777777777
2 0.56946484375 0.3804194444444444 0.5905515625 0.3642270833333333 0.575578515625 0.3258520833333333 0.5569875 0.33583402777777777 0.56946484375 0.3804194444444444
2 0.5878062500000001 0.3183104166666667 0.5758281249999999 0.322525 0.591175390625 0.36156527777777775 0.5917992187500001 0.3604555555555556 0.605399609375 0.3524701388888889 0.5878062500000001 0.3183104166666667
2 0.603527734375 0.30633194444444445 0.5886796875 0.3156486111111111 0.60639765625 0.35047430555555553 0.621120703125 0.3371645833333333 0.603527734375 0.30633194444444445
2 0.6199980468749999 0.29435347222222225 0.605274609375 0.3025611111111111 0.6241152343749999 0.3364993055555556 0.62361640625 0.33516874999999996 0.637715625 0.32518680555555557 0.6199980468749999 0.29435347222222225
2 0.63559453125 0.2801576388888889 0.6213703125000001 0.29080486111111115 0.639337890625 0.32208125000000004 0.6523140625 0.3116555555555556 0.63559453125 0.2801576388888889
2 0.64857109375 0.2668479166666667 0.638464453125 0.27572083333333336 0.653437109375 0.3094375 0.667661328125 0.29967777777777777 0.64857109375 0.2668479166666667
2 0.660798828125 0.2617465277777778 0.6508167968749999 0.2659611111111111 0.668409765625 0.29768125 0.679639453125 0.28858680555555555 0.660798828125 0.2617465277777778
2 0.68174202890625 0.28550461875 0.6921167968749999 0.2766083333333333 0.67589609375 0.24644097222222222 0.661921875 0.2588625 0.68174202890625 0.28550461875
2 0.688623046875 0.23512777777777777 0.6776429687500001 0.24311388888888888 0.69311484375 0.2754993055555556 0.7059667968750001 0.2668479166666667 0.688623046875 0.23512777777777777
2 0.70010234375 0.22581180555555555 0.6917425781250001 0.23202291666666666 0.70683984375 0.2641861111111111 0.718319140625 0.25509166666666666 0.70010234375 0.22581180555555555
2 0.713328125 0.21693888888888888 0.7034710937499999 0.2224847222222222 0.720315625 0.2528736111111111 0.729174609375 0.24466666666666667 0.713328125 0.21693888888888888
2 0.720565234375 0.21139375 0.714076953125 0.2153861111111111 0.7301726562499999 0.24311388888888888 0.735163671875 0.23845555555555553 0.720565234375 0.21139375
2 0.73279296875 0.20030277777777777 0.72231171875 0.20873194444444446 0.737159765625 0.23690277777777777 0.73878203125 0.2355715277777778 0.747890234375 0.22669930555555556 0.73279296875 0.20030277777777777
2 0.7394058593749999 0.196975 0.7349140625 0.1998590277777778 0.7496371093749999 0.22958263888888888 0.757996875 0.2222625 0.7394058593749999 0.196975
2 0.747516015625 0.19054236111111109 0.7417765625 0.19542222222222222 0.7597437499999999 0.22093194444444444 0.7678542968750001 0.2144986111111111 0.747516015625 0.19054236111111109
2 0.76535859375 0.1783423611111111 0.750635546875 0.18832430555555557 0.769850390625 0.21228055555555558 0.78095546875 0.2045173611111111 0.76535859375 0.1783423611111111
2 0.8426464843750001 0.4672229166666667 0.857337109375 0.44606875 0.82545859375 0.4014097222222222 0.8051859374999999 0.42282500000000006 0.8426464843750001 0.4672229166666667
2 0.861744140625 0.43823333333333336 0.873643359375 0.4144673611111111 0.844409375 0.3797326388888889 0.8289843749999999 0.39696944444444443 0.861744140625 0.43823333333333336
2 0.87849140625 0.41577361111111116 0.8871585937500001 0.40375972222222223 0.8520484375 0.36719722222222223 0.8469066406250001 0.3755541666666667 0.87849140625 0.41577361111111116
2 0.8893621093749999 0.3980145833333333 0.8989109375 0.3750319444444445 0.8658574218749999 0.3460423611111111 0.85513359375 0.36354097222222226 0.8893621093749999 0.3980145833333333
2 0.8993519531249999 0.37215902777777776 0.906696875 0.3564888888888889 0.8730558593750001 0.32541041666666665 0.8608628906250001 0.33899097222222224 0.8993519531249999 0.37215902777777776
2 0.9081660156250001 0.35596666666666665 0.9141890625 0.339775 0.8796664062499999 0.3149638888888889 0.87217421875 0.3243659722222222 0.9081660156250001 0.35596666666666665
2 0.91742109375 0.33611875 0.919624609375 0.32462708333333334 0.91800859375 0.3139194444444444 0.920359375 0.3081736111111111 0.8912718749999999 0.29433194444444444 0.8759937499999999 0.30947986111111114 0.91742109375 0.33611875
2 0.92168125 0.3076513888888889 0.9244726562500001 0.3021673611111111 0.931523828125 0.29616041666666665 0.941513671875 0.28858680555555555 0.9041996093750001 0.27161111111111114 0.8893621093749999 0.2906756944444444 0.92168125 0.3076513888888889
2 0.9360781250000001 0.28388541666666667 0.9360781250000001 0.2757895833333333 0.939162890625 0.26717083333333336 0.9130140625 0.259075 0.906109375 0.2679548611111111 0.9360781250000001 0.28388541666666667
2 0.9413667968749999 0.26690972222222226 0.9470960937499999 0.2569854166666667 0.9516500000000001 0.24810625000000003 0.9279984375 0.23792083333333333 0.9134546875 0.25359027777777776 0.9413667968749999 0.26690972222222226