0 0.126953125 0.8243055555555555 0.133203125 0.8305555555555556 0.14921875 0.8340277777777778 0.1609375 0.8319444444444445 0.169140625 0.8145833333333333 0.175 0.8090277777777778 0.181640625 0.7972222222222223 0.185546875 0.79375 0.1921875 0.7930555555555555 0.196484375 0.7847222222222222 0.19765625 0.7493055555555556 0.191015625 0.7375 0.182421875 0.7319444444444444 0.171875 0.7326388888888888 0.16484375 0.7375 0.14609375 0.7611111111111111 0.130078125 0.79375 0.126171875 0.8055555555555556 0.125390625 0.8104166666666667 0.126953125 0.8243055555555555
0 0.178125 0.46111111111111114 0.191796875 0.45902777777777776 0.196484375 0.4513888888888889 0.19453125 0.4423611111111111 0.174609375 0.4173611111111111 0.163671875 0.4131944444444444 0.153515625 0.41388888888888886 0.14921875 0.4173611111111111 0.151171875 0.4486111111111111 0.178125 0.46111111111111114
0 0.075390625 0.3888888888888889 0.08125 0.4 0.088671875 0.3993055555555556 0.098828125 0.4083333333333333 0.115234375 0.4041666666666667 0.11953125 0.3993055555555556 0.119921875 0.38958333333333334 0.11796875 0.38263888888888886 0.111328125 0.3770833333333333 0.105078125 0.3645833333333333 0.09453125 0.35625 0.08984375 0.3541666666666667 0.080078125 0.35555555555555557 0.0765625 0.3590277777777778 0.073828125 0.36875 0.0734375 0.37916666666666665 0.075390625 0.3888888888888889
0 0.053515625 0.34444444444444444 0.059765625 0.34791666666666665 0.07421875 0.3472222222222222 0.075390625 0.33055555555555555 0.073046875 0.3263888888888889 0.07265625 0.31527777777777777 0.070703125 0.30972222222222223 0.067578125 0.30694444444444446 0.05625 0.3090277777777778 0.053125 0.3125 0.051953125 0.3173611111111111 0.05078125 0.33194444444444443 0.053515625 0.34444444444444444
0 0.558203125 0.3451388888888889 0.5640625 0.3590277777777778 0.580859375 0.3611111111111111 0.58515625 0.3590277777777778 0.5859375 0.3458333333333333 0.583203125 0.33125 0.57890625 0.3215277777777778 0.570703125 0.31527777777777777 0.558203125 0.3159722222222222 0.553125 0.32083333333333336 0.553125 0.3388888888888889 0.558203125 0.3451388888888889
0 0.514453125 0.6791666666666667 0.51875 0.6819444444444445 0.525390625 0.6784722222222223 0.539453125 0.6840277777777778 0.546875 0.6833333333333333 0.560546875 0.6951388888888889 0.56484375 0.6951388888888889 0.57734375 0.6868055555555556 0.582421875 0.6756944444444445 0.581640625 0.6548611111111111 0.57890625 0.6423611111111112 0.575 0.6388888888888888 0.55546875 0.6333333333333333 0.53984375 0.6319444444444444 0.533203125 0.6368055555555555 0.52109375 0.6368055555555555 0.51171875 0.6402777777777777 0.50859375 0.6444444444444445 0.506640625 0.6569444444444444 0.507421875 0.6729166666666667 0.514453125 0.6791666666666667
0 0.63046875 0.30486111111111114 0.64375 0.30486111111111114 0.646875 0.2972222222222222 0.64453125 0.2881944444444444 0.6390625 0.2777777777777778 0.635546875 0.275 0.622265625 0.27152777777777776 0.619140625 0.27847222222222223 0.61953125 0.29097222222222224 0.63046875 0.30486111111111114
0 0.6484375 0.29444444444444445 0.65859375 0.29583333333333334 0.66015625 0.29305555555555557 0.660546875 0.2833333333333333 0.6546875 0.2673611111111111 0.645703125 0.26458333333333334 0.637109375 0.26666666666666666 0.63671875 0.27361111111111114 0.6484375 0.29444444444444445
0 0.66875 0.26944444444444443 0.678125 0.2743055555555556 0.683984375 0.27152777777777776 0.68515625 0.2625 0.68046875 0.24305555555555555 0.673828125 0.24027777777777778 0.66328125 0.24444444444444444 0.6625 0.2590277777777778 0.66875 0.26944444444444443
0 0.680859375 0.24375 0.6859375 0.26319444444444445 0.69296875 0.2625 0.698046875 0.25833333333333336 0.698828125 0.2513888888888889 0.68984375 0.22847222222222222 0.678515625 0.22847222222222222 0.675390625 0.23333333333333334 0.675 0.2375 0.680859375 0.24375
0 0.69375 0.23819444444444443 0.69921875 0.25833333333333336 0.710546875 0.25833333333333336 0.715625 0.24791666666666667 0.713671875 0.2375 0.698828125 0.21875 0.694921875 0.21736111111111112 0.687890625 0.22013888888888888 0.687109375 0.22777777777777777 0.69375 0.23819444444444443
0 0.709765625 0.23472222222222222 0.7125 0.24513888888888888 0.7203125 0.24861111111111112 0.725 0.24583333333333332 0.726171875 0.2361111111111111 0.71953125 0.21597222222222223 0.7109375 0.21180555555555555 0.701171875 0.21388888888888888 0.70078125 0.22013888888888888 0.709765625 0.23472222222222222
0 0.726953125 0.22430555555555556 0.741015625 0.2298611111111111 0.743359375 0.2263888888888889 0.74453125 0.21319444444444444 0.737890625 0.1986111111111111 0.72578125 0.19583333333333333 0.719921875 0.20277777777777778 0.721484375 0.21666666666666667 0.726953125 0.22430555555555556
0 0.7671875 0.20625 0.772265625 0.20555555555555555 0.77421875 0.20208333333333334 0.775 0.19236111111111112 0.7703125 0.18125 0.75859375 0.17569444444444443 0.7484375 0.17847222222222223 0.749609375 0.1951388888888889 0.7671875 0.20625
0 0.949609375 0.24027777777777778 0.963671875 0.23333333333333334 0.96796875 0.22361111111111112 0.965625 0.22083333333333333 0.9453125 0.2222222222222222 0.93671875 0.2263888888888889 0.930859375 0.23402777777777778 0.93125 0.24166666666666667 0.949609375 0.24027777777777778
0 0.911328125 0.2625 0.92578125 0.2604166666666667 0.935546875 0.2652777777777778 0.941796875 0.25763888888888886 0.950390625 0.2520833333333333 0.9515625 0.24722222222222223 0.949609375 0.24375 0.928125 0.24375 0.91328125 0.25069444444444444 0.909765625 0.25555555555555554 0.909375 0.2590277777777778 0.911328125 0.2625
0 0.907421875 0.2777777777777778 0.925390625 0.2763888888888889 0.9359375 0.2791666666666667 0.9375 0.27361111111111114 0.9375 0.26875 0.935546875 0.2652777777777778 0.925 0.2604166666666667 0.911328125 0.2625 0.905078125 0.26875 0.9046875 0.27569444444444446 0.907421875 0.2777777777777778
0 0.894140625 0.3013888888888889 0.919921875 0.3 0.935546875 0.2881944444444444 0.932421875 0.28194444444444444 0.921875 0.27847222222222223 0.900390625 0.2791666666666667 0.8921875 0.2826388888888889 0.88984375 0.2861111111111111 0.889453125 0.2965277777777778 0.894140625 0.3013888888888889
0 0.876171875 0.31875 0.898046875 0.31875 0.906640625 0.3229166666666667 0.914453125 0.3326388888888889 0.921484375 0.3277777777777778 0.921484375 0.32430555555555557 0.9171875 0.31666666666666665 0.905078125 0.30277777777777776 0.885546875 0.30069444444444443 0.878125 0.3034722222222222 0.875 0.3090277777777778 0.874609375 0.31527777777777777 0.876171875 0.31875
0 0.880078125 0.33402777777777776 0.884375 0.33125 0.88984375 0.33541666666666664 0.898828125 0.3486111111111111 0.90390625 0.36041666666666666 0.9078125 0.35625 0.912109375 0.3451388888888889 0.912109375 0.3326388888888889 0.898828125 0.32013888888888886 0.888671875 0.31805555555555554 0.875 0.3236111111111111 0.874609375 0.3277777777777778 0.880078125 0.33402777777777776
0 0.858203125 0.34375 0.8765625 0.3451388888888889 0.883984375 0.35 0.89453125 0.36875 0.89765625 0.36944444444444446 0.9015625 0.36319444444444443 0.9015625 0.35555555555555557 0.89296875 0.3368055555555556 0.888671875 0.33194444444444443 0.8703125 0.325 0.859765625 0.3277777777777778 0.857421875 0.33194444444444443 0.856640625 0.3416666666666667 0.858203125 0.34375
0 0.86953125 0.3736111111111111 0.875390625 0.37777777777777777 0.8796875 0.38819444444444445 0.890234375 0.38819444444444445 0.89296875 0.38472222222222224 0.8953125 0.375 0.887890625 0.35555555555555557 0.88046875 0.34791666666666665 0.855078125 0.3458333333333333 0.851171875 0.35208333333333336 0.84921875 0.3701388888888889 0.86953125 0.3736111111111111
0 0.8453125 0.3819444444444444 0.851171875 0.38263888888888886 0.8671875 0.39305555555555555 0.86953125 0.4041666666666667 0.873046875 0.4097222222222222 0.879296875 0.4083333333333333 0.883203125 0.3972222222222222 0.883203125 0.39375 0.876953125 0.3798611111111111 0.869921875 0.37430555555555556 0.8515625 0.3715277777777778 0.844921875 0.3770833333333333 0.844140625 0.3798611111111111 0.8453125 0.3819444444444444
0 0.85078125 0.4222222222222222 0.86640625 0.42291666666666666 0.870703125 0.4166666666666667 0.870703125 0.41041666666666665 0.86640625 0.39375 0.8625 0.3902777777777778 0.8453125 0.38333333333333336 0.83515625 0.3861111111111111 0.83203125 0.3902777777777778 0.83125 0.3951388888888889 0.831640625 0.40208333333333335 0.85078125 0.4222222222222222
0 0.805859375 0.4284722222222222 0.820703125 0.44305555555555554 0.8234375 0.4423611111111111 0.828515625 0.45625 0.84609375 0.46041666666666664 0.851953125 0.4548611111111111 0.85703125 0.44583333333333336 0.856640625 0.4409722222222222 0.84375 0.41944444444444445 0.84296875 0.41458333333333336 0.834765625 0.40625 0.8171875 0.40347222222222223 0.80703125 0.40625 0.8046875 0.4111111111111111 0.804296875 0.4201388888888889 0.805859375 0.4284722222222222
0 0.85859375 0.15555555555555556 0.866796875 0.15555555555555556 0.8703125 0.14791666666666667 0.86953125 0.1361111111111111 0.866015625 0.13194444444444445 0.858984375 0.13680555555555557 0.855859375 0.14305555555555555 0.85546875 0.15138888888888888 0.85859375 0.15555555555555556
0 0.8625 0.12708333333333333 0.869140625 0.12569444444444444 0.8734375 0.11597222222222223 0.875390625 0.09930555555555555 0.872265625 0.09652777777777778 0.865625 0.09722222222222222 0.858984375 0.10208333333333333 0.85546875 0.1111111111111111 0.855859375 0.12430555555555556 0.8625 0.12708333333333333
2 0.571312890625 0.38203125 0.5907382812499999 0.3622979166666666 0.5792914062500001 0.3262222222222222 0.5544890625 0.3425638888888889 0.571312890625 0.38203125
2 0.59299296875 0.36106458333333336 0.606348046875 0.3518145833333333 0.58692265625 0.31758888888888887 0.58033203125 0.3234472222222222 0.59299296875 0.36106458333333336
2 0.59143203125 0.3206722222222222 0.609296484375 0.3474979166666667 0.6216105468750001 0.33423888888888886 0.606348046875 0.30433055555555555 0.59125859375 0.31851388888888893 0.59143203125 0.3206722222222222
2 0.6254265625000001 0.33300555555555555 0.635659375 0.32190555555555556 0.6193558593749999 0.29477152777777776 0.607041796875 0.30340555555555554 0.6254265625000001 0.33300555555555555
2 0.6401687500000001 0.32005555555555554 0.653350390625 0.31512222222222225 0.6393015625 0.2790465277777778 0.620396484375 0.2919965277777778 0.6401687500000001 0.32005555555555554
2 0.64186529765625 0.2795447715277778 0.655951953125 0.30895555555555554 0.668786328125 0.3006298611111111 0.6516160156249999 0.2710298611111111 0.64186529765625 0.2795447715277778
2 0.67000078125 0.2956965277777778 0.68058046875 0.28706319444444445 0.660461328125 0.2602375 0.653697265625 0.2676381944444444 0.67000078125 0.2956965277777778
2 0.6835289062500001 0.28613819444444444 0.693415234375 0.2771965277777778 0.67780546875 0.2435875 0.662369140625 0.25777083333333334 0.6835289062500001 0.28613819444444444
2 0.695669921875 0.2747298611111111 0.706249609375 0.26578819444444446 0.69063984375 0.23742083333333336 0.67953984375 0.24266250000000003 0.695669921875 0.2747298611111111
2 0.701740234375 0.22292916666666665 0.69133359375 0.23125416666666665 0.707637109375 0.26486319444444445 0.7185640624999999 0.2565375 0.701740234375 0.22292916666666665
2 0.711452734375 0.21522013888888886 0.7036480468749999 0.22046180555555553 0.7220328125 0.25499583333333337 0.730184375 0.24697916666666664 0.711452734375 0.21522013888888886
2 0.7196046875000001 0.2087451388888889 0.713013671875 0.21090347222222225 0.731571875 0.2463625 0.7393769531250001 0.23927083333333335 0.7196046875000001 0.2087451388888889
2 0.732959375 0.20011180555555555 0.7229 0.20597013888888888 0.739897265625 0.23865416666666664 0.7480488281250001 0.23125416666666665 0.732959375 0.20011180555555555
2 0.740070703125 0.1939451388888889 0.7359078125 0.19826180555555556 0.750130078125 0.22786250000000002 0.758108203125 0.22292916666666665 0.740070703125 0.1939451388888889
2 0.7506503906249999 0.19086180555555557 0.745447265625 0.1939451388888889 0.760189453125 0.22107847222222224 0.76920859375 0.21244513888888888 0.7506503906249999 0.19086180555555557
2 0.76313828125 0.18130277777777778 0.7541191406250001 0.18777847222222224 0.77042265625 0.21367847222222222 0.77996171875 0.20566180555555558 0.76313828125 0.18130277777777778
2 0.839451953125 0.47299166666666664 0.85801015625 0.44585763888888885 0.8248828125 0.39960694444444445 0.802508984375 0.42581597222222217 0.839451953125 0.47299166666666664
2 0.86286640625 0.4399993055555556 0.8748339843749999 0.4190319444444444 0.844134765625 0.3807979166666667 0.8262703124999999 0.39344027777777774 0.86286640625 0.4399993055555556
2 0.876741796875 0.4165652777777778 0.8890558593750001 0.4045402777777778 0.850031640625 0.3650729166666667 0.8418800781250001 0.3795645833333333 0.876741796875 0.4165652777777778
2 0.890096484375 0.3971402777777777 0.8954730468750001 0.37432291666666667 0.85801015625 0.34071388888888887 0.846216015625 0.3585979166666666 0.890096484375 0.3971402777777777
2 0.8975546874999999 0.37031458333333334 0.9039718750000001 0.35705624999999996 0.8704976562500001 0.31851388888888893 0.85592890625 0.33763055555555554 0.8975546874999999 0.37031458333333334
2 0.908828125 0.35366458333333334 0.9140312500000001 0.34071388888888887 0.87327265625 0.3111138888888889 0.8706710937500001 0.3160472222222222 0.908828125 0.35366458333333334
2 0.9180203125 0.3357805555555556 0.924611328125 0.31635555555555556 0.8855871093750001 0.2923048611111111 0.873793359375 0.30618055555555557 0.9180203125 0.3357805555555556
2 0.9303347656250001 0.31173055555555557 0.9395269531249999 0.2910715277777778 0.9003296875 0.27411319444444443 0.886801171875 0.2886048611111111 0.9303347656250001 0.31173055555555557
2 0.94559765625 0.2855215277777778 0.95253515625 0.27596319444444445 0.9105624999999999 0.25869583333333335 0.9022375 0.26856319444444443 0.94559765625 0.2855215277777778
2 0.94715859375 0.2688715277777778 0.9546164062500001 0.2528375 0.925131640625 0.23587916666666667 0.9100421875 0.2528375 0.94715859375 0.2688715277777778