0 0.564453125 0.3590277777777778 0.580078125 0.3611111111111111 0.58515625 0.3590277777777778 0.5859375 0.34652777777777777 0.58359375 0.3333333333333333 0.576171875 0.31875 0.567578125 0.31527777777777777 0.557421875 0.3159722222222222 0.553125 0.32013888888888886 0.553125 0.3388888888888889 0.564453125 0.3590277777777778
0 0.6296875 0.30416666666666664 0.642578125 0.30486111111111114 0.646875 0.2965277777777778 0.637109375 0.27569444444444446 0.62265625 0.27152777777777776 0.619140625 0.2791666666666667 0.61953125 0.2916666666666667 0.6296875 0.30416666666666664
0 0.648828125 0.29444444444444445 0.65625 0.2965277777777778 0.66015625 0.29305555555555557 0.660546875 0.2833333333333333 0.6546875 0.26805555555555555 0.640625 0.26458333333333334 0.63671875 0.26875 0.636328125 0.2722222222222222 0.648828125 0.29444444444444445
0 0.670703125 0.27152777777777776 0.682421875 0.27291666666666664 0.683984375 0.2701388888888889 0.684765625 0.26458333333333334 0.6796875 0.24375 0.675 0.24097222222222223 0.66953125 0.2423611111111111 0.666015625 0.24444444444444444 0.663671875 0.25 0.6640625 0.2604166666666667 0.670703125 0.27152777777777776
0 0.679296875 0.24097222222222223 0.68203125 0.24791666666666667 0.685546875 0.26319444444444445 0.697265625 0.25833333333333336 0.698046875 0.25 0.69453125 0.23819444444444443 0.687890625 0.2298611111111111 0.678515625 0.22916666666666666 0.675390625 0.23402777777777778 0.675 0.2375 0.679296875 0.24097222222222223
0 0.693359375 0.23541666666666666 0.699609375 0.2534722222222222 0.70625 0.25416666666666665 0.709765625 0.2513888888888889 0.71015625 0.24097222222222223 0.70390625 0.2263888888888889 0.69296875 0.21944444444444444 0.6890625 0.22013888888888888 0.687109375 0.22430555555555556 0.686328125 0.22708333333333333 0.693359375 0.23541666666666666
0 0.706640625 0.22777777777777777 0.712109375 0.24444444444444444 0.71953125 0.24791666666666667 0.723828125 0.24722222222222223 0.725390625 0.24444444444444444 0.72578125 0.23472222222222222 0.71953125 0.21736111111111112 0.71015625 0.21180555555555555 0.700390625 0.21319444444444444 0.698828125 0.22013888888888888 0.706640625 0.22777777777777777
0 0.726171875 0.22430555555555556 0.7390625 0.23055555555555557 0.743359375 0.22777777777777777 0.744921875 0.2152777777777778 0.738671875 0.19930555555555557 0.725390625 0.19583333333333333 0.719140625 0.20347222222222222 0.719921875 0.21666666666666667 0.726171875 0.22430555555555556
0 0.76796875 0.20555555555555555 0.77265625 0.2048611111111111 0.77421875 0.20208333333333334 0.774609375 0.19166666666666668 0.76953125 0.18055555555555555 0.758984375 0.17569444444444443 0.7484375 0.17847222222222223 0.75 0.1951388888888889 0.76796875 0.20555555555555555
0 0.824609375 0.44722222222222224 0.82734375 0.45555555555555555 0.845703125 0.4638888888888889 0.85703125 0.4465277777777778 0.85390625 0.4354166666666667 0.847265625 0.42986111111111114 0.84375 0.42199097222222226 0.84375 0.41458333333333336 0.835546875 0.40625 0.828125 0.40208333333333335 0.816015625 0.40347222222222223 0.806640625 0.40625 0.804296875 0.4111111111111111 0.8046875 0.4284722222222222 0.824609375 0.44722222222222224
0 0.85234375 0.42291666666666666 0.866015625 0.42291666666666666 0.86953125 0.42083333333333334 0.871484375 0.4152777777777778 0.8671875 0.39444444444444443 0.862109375 0.38958333333333334 0.842578125 0.3840277777777778 0.8359375 0.3861111111111111 0.83125 0.39305555555555555 0.831640625 0.40208333333333335 0.85234375 0.42291666666666666
0 0.846875 0.38263888888888886 0.851953125 0.38263888888888886 0.8671875 0.39305555555555555 0.86953125 0.4041666666666667 0.87265625 0.4097222222222222 0.8796875 0.4083333333333333 0.8828125 0.4 0.8828125 0.39305555555555555 0.87734375 0.3798611111111111 0.87421875 0.3763888888888889 0.85234375 0.3715277777777778 0.845703125 0.3763888888888889 0.8453125 0.38055555555555554 0.846875 0.38263888888888886
0 0.85 0.3715277777777778 0.86953125 0.3736111111111111 0.876171875 0.3784722222222222 0.878515625 0.38680555555555557 0.880859375 0.3888888888888889 0.89296875 0.38680555555555557 0.896484375 0.37430555555555556 0.887890625 0.35555555555555557 0.88046875 0.34791666666666665 0.855078125 0.3458333333333333 0.851171875 0.35208333333333336 0.848828125 0.36944444444444446 0.85 0.3715277777777778
0 0.857421875 0.34375 0.87734375 0.3458333333333333 0.88515625 0.35208333333333336 0.89453125 0.36944444444444446 0.898046875 0.36944444444444446 0.9015625 0.3625 0.901953125 0.35555555555555557 0.8953125 0.33819444444444446 0.8921875 0.33402777777777776 0.871484375 0.32569444444444445 0.8625 0.3263888888888889 0.859375 0.3284722222222222 0.8578125 0.3326388888888889 0.856640625 0.33819444444444446 0.857421875 0.34375
0 0.8796875 0.3326388888888889 0.879296875 0.3347222222222222 0.88046875 0.3347222222222222 0.880078125 0.33125 0.88359375 0.32916666666666666 0.887109375 0.3333333333333333 0.890234375 0.33402777777777776 0.8953125 0.3451388888888889 0.89921875 0.34791666666666665 0.90078125 0.3506944444444444 0.90390625 0.3597222222222222 0.90546875 0.3590277777777778 0.912109375 0.3451388888888889 0.9125 0.33402777777777776 0.901953125 0.32222222222222224 0.89140625 0.31805555555555554 0.87578125 0.3215277777777778 0.87265625 0.32430555555555557 0.8796875 0.3326388888888889
0 0.8734375 0.32430555555555557 0.8765625 0.32569444444444445 0.88203125 0.32013888888888886 0.893359375 0.3194444444444444 0.905078125 0.3284722222222222 0.9078125 0.33402777777777776 0.91328125 0.33611111111111114 0.915234375 0.33611111111111114 0.91796875 0.33125 0.9203125 0.3298611111111111 0.922265625 0.32430555555555557 0.905078125 0.3034722222222222 0.896484375 0.30486111111111114 0.8875 0.29930555555555555 0.8765625 0.3034722222222222 0.873828125 0.31319444444444444 0.874609375 0.31875 0.8734375 0.32430555555555557
0 0.889453125 0.2965277777777778 0.891015625 0.3 0.893359375 0.3013888888888889 0.914453125 0.3 0.921875 0.30416666666666664 0.924609375 0.2986111111111111 0.93671875 0.28958333333333336 0.935546875 0.2826388888888889 0.92578125 0.2777777777777778 0.9 0.27847222222222223 0.891015625 0.2833333333333333 0.889453125 0.2861111111111111 0.889453125 0.2965277777777778
0 0.906640625 0.2777777777777778 0.91484375 0.2777777777777778 0.920703125 0.2763888888888889 0.935546875 0.2791666666666667 0.937109375 0.27291666666666664 0.937109375 0.26875 0.93515625 0.2652777777777778 0.932421875 0.26319444444444445 0.926171875 0.2611111111111111 0.920703125 0.2611111111111111 0.91484375 0.2638888888888889 0.911328125 0.26319444444444445 0.90703125 0.2652777777777778 0.9046875 0.2701388888888889 0.904296875 0.275 0.906640625 0.2777777777777778
0 0.91171875 0.26180555555555557 0.91640625 0.2625 0.92109375 0.2604166666666667 0.928125 0.2611111111111111 0.93359375 0.2625 0.9359375 0.26458333333333334 0.950390625 0.2534722222222222 0.951953125 0.25 0.951953125 0.2465277777777778 0.949609375 0.24305555555555555 0.92734375 0.24375 0.9140625 0.2513888888888889 0.910546875 0.25555555555555554 0.91015625 0.2590277777777778 0.91171875 0.26180555555555557
0 0.866796875 0.12986111111111112 0.873046875 0.12222222222222222 0.875390625 0.1 0.873046875 0.09652777777777778 0.86484375 0.09722222222222222 0.8578125 0.10347222222222222 0.855078125 0.11388888888888889 0.855078125 0.12708333333333333 0.866796875 0.12986111111111112
0 0.91484375 0.08611111111111111 0.918359375 0.07361111111111111 0.919140625 0.06388888888888888 0.916015625 0.06111111111111111 0.912890625 0.0625 0.909375 0.06875 0.9078125 0.07777777777777778 0.9078125 0.08680555555555555 0.91484375 0.08611111111111111
0 0.92109375 0.052083333333333336 0.925390625 0.04722222222222222 0.9265625 0.03611111111111111 0.925390625 0.03263888888888889 0.920703125 0.03125 0.91796875 0.03263888888888889 0.915625 0.03958333333333333 0.915234375 0.05 0.92109375 0.052083333333333336
0 0.453125 0.5784722222222223 0.4619140625 0.5791666666666667 0.48046875 0.5930555555555556 0.48515625 0.5895833333333333 0.49609375 0.5680555555555555 0.494921875 0.5631944444444444 0.48671875 0.5569444444444445 0.48984375 0.5465277777777777 0.48828125 0.54375 0.48046875 0.5333333333333333 0.473828125 0.53125 0.459375 0.5465277777777777 0.452734375 0.5597222222222222 0.451953125 0.575 0.453125 0.5784722222222223
0 0.3453125 0.5173611111111112 0.3796875 0.5326388888888889 0.390234375 0.5326388888888889 0.400390625 0.5208333333333334 0.400390625 0.5083333333333333 0.398828125 0.5041666666666667 0.38046875 0.4875 0.351171875 0.4875 0.344921875 0.4909722222222222 0.3421875 0.4979166666666667 0.3421875 0.5118055555555555 0.3453125 0.5173611111111112
0 0.1828125 0.5368055555555555 0.190625 0.5368055555555555 0.20625 0.55 0.212890625 0.5520833333333334 0.216796875 0.5618055555555556 0.220703125 0.5625 0.223828125 0.5590277777777778 0.231640625 0.5604166666666667 0.235546875 0.5486111111111112 0.24140625 0.5493055555555556 0.244140625 0.5465277777777777 0.24453125 0.5326388888888889 0.241796875 0.5215277777777778 0.2359375 0.5173611111111112 0.22734375 0.5034722222222222 0.213671875 0.4930555555555556 0.209765625 0.4909722222222222 0.19921875 0.4951388888888889 0.196484375 0.4895833333333333 0.19140625 0.4895833333333333 0.178515625 0.4979166666666667 0.176953125 0.5027777777777778 0.171484375 0.5076388888888889 0.1796875 0.5173611111111112 0.1828125 0.5368055555555555
0 0.1125 0.3763888888888889 0.1296875 0.38680555555555557 0.14375 0.38263888888888886 0.1484375 0.3729166666666667 0.147265625 0.36319444444444443 0.144140625 0.3548611111111111 0.134765625 0.34930555555555554 0.1296875 0.3486111111111111 0.115234375 0.3548611111111111 0.11015625 0.3611111111111111 0.109765625 0.36875 0.1125 0.3763888888888889
0 0.49453125 0.7180555555555556 0.5021484375 0.7138888888888889 0.510546875 0.7131944444444445 0.520703125 0.7069444444444445 0.540234375 0.7111111111111111 0.54375 0.70625 0.54375 0.6951388888888889 0.540625 0.6888888888888889 0.522265625 0.6784722222222223 0.512109375 0.6756944444444445 0.50390625 0.6770833333333334 0.49765625 0.6826388888888889 0.49453125 0.6881944444444444 0.492578125 0.6979166666666666 0.49140625 0.7111111111111111 0.49453125 0.7180555555555556
0 0.794921875 0.7465277777777778 0.8015625 0.75 0.80390625 0.7652777777777777 0.8140625 0.7736111111111111 0.81875 0.7722222222222223 0.821875 0.7416666666666667 0.82109375 0.7270833333333333 0.819140625 0.7236111111111111 0.8109375 0.7270833333333333 0.79140625 0.7229166666666667 0.7890625 0.7277777777777777 0.790625 0.7409722222222223 0.794921875 0.7465277777777778
0 0.834765625 0.7666666666666667 0.836328125 0.7604166666666666 0.848828125 0.7548611111111111 0.85234375 0.7486111111111111 0.858203125 0.7451388888888889 0.859375 0.7402777777777778 0.85390625 0.7305555555555555 0.837890625 0.7229166666666667 0.833984375 0.7277777777777777 0.830859375 0.7479166666666667 0.8296875 0.7652777777777777 0.834765625 0.7666666666666667
2 0.5767019531249999 0.3236597222222222 0.55199765625 0.34268194444444444 0.57182421875 0.37932777777777776 0.593381640625 0.36002569444444443 0.5767019531249999 0.3236597222222222
2 0.587401953125 0.31862430555555554 0.577803515625 0.3225402777777778 0.59589921875 0.35527013888888886 0.605340625 0.3471576388888889 0.587401953125 0.31862430555555554
2 0.605183203125 0.3082736111111111 0.591493359375 0.3158270833333333 0.60722890625 0.3446402777777778 0.61792890625 0.33736666666666665 0.605183203125 0.3082736111111111
2 0.6191875 0.296525 0.6073859374999999 0.3046375 0.620761328125 0.3345694444444444 0.63445078125 0.3231 0.6191875 0.296525
2 0.635394921875 0.27946041666666666 0.6206039062500001 0.29344722222222225 0.6388570312499999 0.3200229166666667 0.651287890625 0.3102319444444444 0.635394921875 0.27946041666666666
2 0.6492421875 0.2663125 0.6364964843750001 0.27638333333333337 0.652389453125 0.30575625 0.66560703125 0.29596527777777776 0.6492421875 0.2663125
2 0.660414453125 0.26295555555555555 0.65160234375 0.26687222222222223 0.668439453125 0.2942868055555556 0.678037890625 0.2864541666666667 0.660414453125 0.26295555555555555
2 0.677566015625 0.24645138888888887 0.663089453125 0.2584798611111111 0.67976875 0.2842159722222222 0.69078359375 0.2747048611111111 0.677566015625 0.24645138888888887
2 0.688580859375 0.23638055555555554 0.678037890625 0.24309444444444445 0.691412890625 0.27274652777777775 0.70368671875 0.26603333333333334 0.688580859375 0.23638055555555554
2 0.6969203125 0.2235125 0.6888953124999999 0.23274375 0.706519140625 0.2646340277777778 0.716432421875 0.2559625 0.6969203125 0.2235125
2 0.710452734375 0.21707847222222224 0.700539453125 0.2221138888888889 0.7183207031250001 0.2523256944444444 0.72728984375 0.24673125 0.710452734375 0.21707847222222224
2 0.71895 0.2151201388888889 0.713127734375 0.21707847222222224 0.72965 0.24589166666666668 0.737203125 0.2380590277777778 0.71895 0.2151201388888889
2 0.73263984375 0.20169305555555556 0.720995703125 0.21316180555555553 0.7398781249999999 0.23610069444444445 0.74711640625 0.22994652777777777 0.73263984375 0.20169305555555556
2 0.74979140625 0.22798819444444443 0.7586031249999999 0.22183402777777775 0.740035546875 0.19749652777777776 0.735472265625 0.19973472222222222 0.74979140625 0.22798819444444443
2 0.747273828125 0.19218125 0.74223828125 0.19441944444444445 0.7597046875 0.21959583333333335 0.768358984375 0.2128826388888889 0.747273828125 0.19218125
2 0.761278125 0.17987291666666666 0.7496339843750001 0.19022361111111113 0.7708769531249999 0.21008472222222221 0.7811046875 0.20504930555555556 0.761278125 0.17987291666666666
2 0.8435726562499999 0.4695840277777778 0.85915703125 0.4450743055555556 0.82119453125 0.39996319444444445 0.8042109375000001 0.4230513888888889 0.8435726562499999 0.4695840277777778
2 0.8607554687500001 0.4454298611111111 0.8781386718749999 0.42411736111111115 0.844371875 0.3797166666666667 0.827987890625 0.3988979166666667 0.8607554687500001 0.4454298611111111
2 0.8797371093749999 0.41985486111111114 0.890126953125 0.40493611111111105 0.853562890625 0.3672840277777778 0.8461699218750001 0.3775854166666666 0.8797371093749999 0.41985486111111114
2 0.8921250000000001 0.39818749999999997 0.896320703125 0.37509861111111115 0.862953515625 0.34241944444444444 0.8513648437500001 0.36089027777777777 0.8921250000000001 0.39818749999999997
2 0.899717578125 0.3697708333333333 0.903513671875 0.35520694444444445 0.869746875 0.3239486111111111 0.8581582031250001 0.33673611111111107 0.899717578125 0.3697708333333333
2 0.905911328125 0.35662777777777777 0.9129046875 0.33638125 0.8759406249999999 0.31400277777777774 0.869347265625 0.32217291666666664 0.905911328125 0.35662777777777777
2 0.915701953125 0.33673611111111107 0.92309453125 0.3218173611111111 0.8887281249999999 0.29411180555555555 0.87354296875 0.3079645833333333 0.915701953125 0.33673611111111107
2 0.920696875 0.31471319444444446 0.92309453125 0.30263680555555555 0.925891796875 0.2962430555555555 0.941676171875 0.2866520833333333 0.9031140625 0.27066805555555556 0.89132578125 0.2866520833333333 0.920696875 0.31471319444444446
2 0.936281640625 0.2813243055555556 0.9374804687499999 0.27599583333333333 0.945073046875 0.2688916666666667 0.9129046875 0.2561041666666667 0.9053121093750001 0.26533958333333335 0.936281640625 0.2813243055555556
2 0.937880078125 0.26214305555555556 0.93887890625 0.2571701388888889 0.94707109375 0.24971041666666668 0.9532648437500001 0.24473750000000002 0.9248925781249999 0.23301597222222223 0.91190546875 0.25006597222222227 0.937880078125 0.26214305555555556