0 0.109765625 0.45208333333333334 0.111328125 0.46319444444444446 0.11953125 0.4847222222222222 0.12578125 0.48819444444444443 0.137109375 0.4875 0.144921875 0.48055555555555557 0.1453125 0.4736111111111111 0.14296875 0.46041666666666664 0.13125 0.44305555555555554 0.116015625 0.43472222222222223 0.106640625 0.4388888888888889 0.106640625 0.44513888888888886 0.109765625 0.45208333333333334
0 0.21328125 0.5375 0.244140625 0.5548611111111111 0.2484375 0.5541666666666667 0.256640625 0.5583333333333333 0.2609375 0.5583333333333333 0.262109375 0.5555555555555556 0.26015625 0.5395833333333333 0.245703125 0.5180555555555556 0.237890625 0.5111111111111111 0.216015625 0.5118055555555555 0.211328125 0.5152777777777777 0.208984375 0.5236111111111111 0.208984375 0.5326388888888889 0.21328125 0.5375
0 0.234375 0.5631944444444444 0.2484375 0.5638888888888889 0.237890625 0.5534722222222223 0.2296875 0.5534722222222223 0.23046875 0.5597222222222222 0.234375 0.5631944444444444
0 0.43828125 0.5638888888888889 0.452734375 0.5652777777777778 0.47109375 0.5791666666666667 0.480859375 0.5784722222222223 0.491015625 0.5645833333333333 0.49140625 0.5611111111111111 0.490625 0.55 0.4875 0.5416666666666666 0.48046875 0.5347222222222222 0.470703125 0.5298611111111111 0.445703125 0.5319444444444444 0.43828125 0.5361111111111111 0.434375 0.5430555555555555 0.433984375 0.55625 0.43828125 0.5638888888888889
0 0.445703125 0.6930555555555555 0.45234375 0.6895833333333333 0.467578125 0.6909722222222222 0.469921875 0.6930555555555555 0.475390625 0.7083333333333334 0.4890625 0.7173611111111111 0.493359375 0.7173611111111111 0.51015625 0.7076388888888889 0.515234375 0.6986111111111111 0.51484375 0.6888888888888889 0.509765625 0.6777777777777778 0.487890625 0.65625 0.46953125 0.6472222222222223 0.45390625 0.6465277777777778 0.444140625 0.6611111111111111 0.441796875 0.6715277777777777 0.44140625 0.6826388888888889 0.445703125 0.6930555555555555
0 0.55703125 0.34305555555555556 0.5640625 0.3590277777777778 0.5796875 0.3611111111111111 0.58515625 0.3590277777777778 0.5859375 0.34652777777777777 0.583203125 0.33194444444444443 0.575390625 0.31805555555555554 0.558984375 0.3159722222222222 0.5546875 0.3173611111111111 0.552734375 0.3229166666666667 0.553515625 0.3416666666666667 0.55703125 0.34305555555555556
0 0.6265625 0.3013888888888889 0.63671875 0.30625 0.64296875 0.30486111111111114 0.6453125 0.3013888888888889 0.646484375 0.2972222222222222 0.645703125 0.2916666666666667 0.637890625 0.2763888888888889 0.626171875 0.27152777777777776 0.621484375 0.2722222222222222 0.61953125 0.27569444444444446 0.619140625 0.28958333333333336 0.6265625 0.3013888888888889
0 0.648046875 0.29375 0.65234375 0.29583333333333334 0.659765625 0.29375 0.66015625 0.2826388888888889 0.654296875 0.26805555555555555 0.640234375 0.26458333333333334 0.636328125 0.26944444444444443 0.6359375 0.2722222222222222 0.648046875 0.29375
0 0.669140625 0.27152777777777776 0.68203125 0.27361111111111114 0.684765625 0.26944444444444443 0.68515625 0.26319444444444445 0.6796875 0.2423611111111111 0.674609375 0.24027777777777778 0.6625 0.24513888888888888 0.6625 0.25833333333333336 0.669140625 0.27152777777777776
0 0.68125 0.24375 0.685546875 0.2625 0.69296875 0.2625 0.697265625 0.25833333333333336 0.698046875 0.25 0.69453125 0.2388888888888889 0.6890625 0.23055555555555557 0.682421875 0.22847222222222222 0.676171875 0.23402777777777778 0.675390625 0.2375 0.68125 0.24375
0 0.69296875 0.23472222222222222 0.699609375 0.2548611111111111 0.70625 0.25416666666666665 0.709765625 0.24930555555555556 0.71015625 0.24097222222222223 0.70390625 0.2263888888888889 0.694140625 0.22152777777777777 0.687890625 0.225 0.687109375 0.22708333333333333 0.69296875 0.23472222222222222
0 0.7 0.22013888888888888 0.709375 0.23472222222222222 0.712890625 0.24513888888888888 0.719921875 0.24861111111111112 0.725 0.24583333333333332 0.726171875 0.2361111111111111 0.719921875 0.21805555555555556 0.71015625 0.2125 0.701171875 0.21388888888888888 0.699609375 0.21666666666666667 0.7 0.22013888888888888
0 0.726171875 0.225 0.7375 0.2298611111111111 0.74140625 0.2298611111111111 0.743359375 0.22708333333333333 0.74453125 0.21458333333333332 0.737890625 0.19791666666666666 0.726953125 0.1951388888888889 0.71953125 0.20277777777777778 0.71953125 0.21666666666666667 0.726171875 0.225
0 0.76875 0.2076388888888889 0.773828125 0.20416666666666666 0.775390625 0.19236111111111112 0.77109375 0.18125 0.758984375 0.175 0.748046875 0.17847222222222223 0.749609375 0.1951388888888889 0.76875 0.2076388888888889
0 0.82421875 0.4486111111111111 0.826953125 0.45625 0.8453125 0.46319444444444446 0.851953125 0.45555555555555555 0.85625 0.4465277777777778 0.851171875 0.43194444444444446 0.8453125 0.4284722222222222 0.84375 0.41458333333333336 0.83515625 0.40625 0.828125 0.40208333333333335 0.812890625 0.40347222222222223 0.806640625 0.40625 0.804296875 0.4125 0.8046875 0.42777777777777776 0.82421875 0.4486111111111111
0 0.85078125 0.4222222222222222 0.86640625 0.4236111111111111 0.870703125 0.4215277777777778 0.872265625 0.4166666666666667 0.86875 0.39444444444444443 0.862890625 0.38819444444444445 0.84453125 0.3819444444444444 0.834765625 0.3854166666666667 0.83125 0.3902777777777778 0.831640625 0.4013888888888889 0.85078125 0.4222222222222222
0 0.8515625 0.38263888888888886 0.867578125 0.39305555555555555 0.869921875 0.3972222222222222 0.869921875 0.4041666666666667 0.8734375 0.40902777777777777 0.87890625 0.4097222222222222 0.8828125 0.40069444444444446 0.883203125 0.39375 0.87578125 0.3784722222222222 0.871484375 0.375 0.8515625 0.37083333333333335 0.844921875 0.3770833333333333 0.845703125 0.3819444444444444 0.8515625 0.38263888888888886
0 0.849609375 0.3715277777777778 0.866796875 0.3729166666666667 0.87578125 0.3784722222222222 0.879296875 0.3875 0.882421875 0.3888888888888889 0.8921875 0.38680555555555557 0.8953125 0.3770833333333333 0.8953125 0.37222222222222223 0.884765625 0.35208333333333336 0.880859375 0.3486111111111111 0.8609375 0.3451388888888889 0.855078125 0.3458333333333333 0.8515625 0.34930555555555554 0.848828125 0.36875 0.849609375 0.3715277777777778
0 0.858984375 0.34444444444444444 0.87734375 0.3458333333333333 0.883984375 0.3506944444444444 0.888671875 0.35625 0.88984375 0.3625 0.894140625 0.36944444444444446 0.898046875 0.36944444444444446 0.901171875 0.36319444444444443 0.90234375 0.35555555555555557 0.890625 0.33402777777777776 0.883984375 0.3298611111111111 0.870703125 0.32569444444444445 0.862890625 0.3263888888888889 0.858984375 0.32916666666666666 0.85703125 0.3375 0.856640625 0.3416666666666667 0.858984375 0.34444444444444444
0 0.87421875 0.32708333333333334 0.884375 0.33125 0.904296875 0.36041666666666666 0.91171875 0.3458333333333333 0.912890625 0.3347222222222222 0.9078125 0.32708333333333334 0.901171875 0.32222222222222224 0.891796875 0.31805555555555554 0.875 0.32083333333333336 0.873046875 0.32430555555555557 0.87421875 0.32708333333333334
0 0.876171875 0.31875 0.8921875 0.3173611111111111 0.904296875 0.3229166666666667 0.91015625 0.3215277777777778 0.91171875 0.32430555555555557 0.912890625 0.3215277777777778 0.91640625 0.32083333333333336 0.91953125 0.3076388888888889 0.916796875 0.30694444444444446 0.916015625 0.3138888888888889 0.9140625 0.3138888888888889 0.90546875 0.30277777777777776 0.8921875 0.30277777777777776 0.88671875 0.3 0.877734375 0.3034722222222222 0.874609375 0.3104166666666667 0.87421875 0.3145833333333333 0.876171875 0.31875
0 0.8765625 0.3194444444444444 0.894140625 0.31805555555555554 0.904296875 0.32430555555555557 0.922265625 0.32083333333333336 0.921484375 0.30625 0.91484375 0.30069444444444443 0.885546875 0.29930555555555555 0.876953125 0.30277777777777776 0.874609375 0.30833333333333335 0.873828125 0.31527777777777777 0.8765625 0.3194444444444444
0 0.892578125 0.30069444444444443 0.91484375 0.3 0.921875 0.3020833333333333 0.9375 0.28958333333333336 0.935546875 0.28125 0.924609375 0.2763888888888889 0.90390625 0.2777777777777778 0.89453125 0.28125 0.88984375 0.2861111111111111 0.88984375 0.2972222222222222 0.892578125 0.30069444444444443
0 0.90625 0.2777777777777778 0.925390625 0.2763888888888889 0.935546875 0.2798611111111111 0.937109375 0.27291666666666664 0.93515625 0.2652777777777778 0.926171875 0.2611111111111111 0.9078125 0.26458333333333334 0.9046875 0.26875 0.904296875 0.27569444444444446 0.90625 0.2777777777777778
0 0.911328125 0.2625 0.926953125 0.2604166666666667 0.935546875 0.2652777777777778 0.941015625 0.2548611111111111 0.93515625 0.24722222222222223 0.928515625 0.24444444444444444 0.9140625 0.25069444444444444 0.909765625 0.25555555555555554 0.909375 0.2590277777777778 0.911328125 0.2625
0 0.85625 0.1284722222222222 0.86640625 0.12986111111111112 0.873046875 0.12222222222222222 0.8765625 0.10208333333333333 0.8734375 0.09722222222222222 0.865234375 0.09722222222222222 0.858203125 0.10277777777777777 0.85546875 0.1125 0.8546875 0.12361111111111112 0.85625 0.1284722222222222
2 0.5519093749999999 0.38777083333333334 0.5653042968750001 0.37682916666666666 0.5531765625 0.3465798611111111 0.539600390625 0.35559027777777774 0.5519093749999999 0.38777083333333334
2 0.589741015625 0.3568777777777778 0.60205 0.3475451388888889 0.5888359375000001 0.3221229166666667 0.58123359375 0.32501944444444447 0.589741015625 0.3568777777777778
2 0.6044031249999999 0.34690208333333333 0.619608203125 0.3356388888888889 0.6047652343750001 0.30860763888888887 0.591008203125 0.3201923611111111 0.6044031249999999 0.34690208333333333
2 0.60755389140625 0.30648539027777777 0.622142578125 0.33242083333333333 0.634632421875 0.3208361111111111 0.6201515625 0.2970229166666667 0.60755389140625 0.30648539027777777
2 0.667855859375 0.29634305555555557 0.676702734375 0.28889305555555556 0.6628707031250001 0.2632333333333333 0.65653515625 0.26773888888888886 0.667855859375 0.29634305555555557
2 0.571008203125 0.37636111111111115 0.588701953125 0.36173680555555554 0.579234375 0.3275222222222222 0.554711328125 0.34131875 0.571008203125 0.37636111111111115
2 0.639144140625 0.3220034722222222 0.652647265625 0.30931111111111115 0.638212890625 0.2792354166666667 0.6212953125 0.2916520833333333 0.639144140625 0.3220034722222222
2 0.6548203125 0.3090354166666667 0.667081640625 0.29827430555555556 0.6529578125 0.26847430555555557 0.640696484375 0.2759243055555556 0.6548203125 0.3090354166666667
2 0.680584765625 0.2866854166666667 0.69331171875 0.2762 0.678256640625 0.24502083333333333 0.664287890625 0.26102430555555556 0.680584765625 0.2866854166666667
2 0.695329296875 0.27482083333333335 0.70495234375 0.2640597222222222 0.690828515625 0.23205208333333333 0.67841171875 0.2383986111111111 0.695329296875 0.27482083333333335
2 0.70774609375 0.26267986111111113 0.717213671875 0.25578194444444446 0.7015378906249999 0.22073958333333335 0.69098359375 0.22818958333333333 0.70774609375 0.26267986111111113
2 0.72031796875 0.25467847222222223 0.727923046875 0.24833194444444445 0.7141093749999999 0.21439305555555555 0.703244921875 0.21825624999999998 0.72031796875 0.25467847222222223
2 0.721379296875 0.21610416666666665 0.71573671875 0.21457777777777778 0.7302109375 0.2446715277777778 0.737080078125 0.23965555555555554 0.721379296875 0.21610416666666665
2 0.733645703125 0.20323819444444446 0.720766015625 0.2139236111111111 0.7395335937499999 0.23594861111111112 0.747751953125 0.23006041666666666 0.733645703125 0.20323819444444446
2 0.763452734375 0.17990555555555557 0.749469140625 0.19168125 0.76995390625 0.20978055555555555 0.780134765625 0.20171180555555554 0.763452734375 0.17990555555555557
2 0.7394109375 0.19778680555555556 0.735730859375 0.20105763888888892 0.750573046875 0.2278798611111111 0.7569515625000001 0.22242847222222223 0.7394109375 0.19778680555555556
2 0.824932421875 0.4005902777777778 0.8040097656249999 0.4243270833333333 0.8370453124999999 0.4695986111111111 0.8581058593750001 0.44463819444444447 0.824932421875 0.4005902777777778
2 0.8426890625000001 0.3793 0.829474609375 0.39104652777777776 0.863336328125 0.42799791666666664 0.875312109375 0.41576180555555553 0.8426890625000001 0.3793
2 0.8516363281249999 0.3685333333333333 0.844341015625 0.3778319444444444 0.876137890625 0.41184652777777775 0.886048828125 0.39863263888888884 0.8516363281249999 0.3685333333333333
2 0.861409375 0.34234930555555554 0.8477820312500001 0.36339444444444446 0.886874609375 0.39202499999999996 0.8966476562500001 0.37391666666666673 0.861409375 0.34234930555555554
2 0.872421484375 0.3239958333333333 0.860858984375 0.33867847222222225 0.89816171875 0.37122499999999997 0.904080859375 0.36021319444444444 0.872421484375 0.3239958333333333
2 0.882607421875 0.31224999999999997 0.873109765625 0.32081458333333335 0.9054570312499999 0.3570319444444444 0.914404296875 0.34259375 0.882607421875 0.31224999999999997
2 0.8915546875 0.2953645833333333 0.876688671875 0.3061319444444444 0.9137160156249999 0.33794444444444444 0.922938671875 0.32472986111111113 0.8915546875 0.2953645833333333
2 0.8943078124999999 0.2938965277777778 0.8932062500000001 0.2953645833333333 0.9218375 0.3191013888888889 0.921975 0.30906875 0.8943078124999999 0.2938965277777778
2 0.8925183593750001 0.28949166666666665 0.9218375 0.3039298611111111 0.922387890625 0.2970777777777778 0.9321613281250001 0.2931625 0.9390437500000001 0.2887576388888889 0.904355859375 0.27505416666666666 0.89361953125 0.2887576388888889 0.8925183593750001 0.28949166666666665
2 0.9378046875000001 0.2863104166666667 0.936015234375 0.2819055555555556 0.936015234375 0.2757881944444444 0.9404203125 0.2701597222222222 0.931748046875 0.26281875 0.9117890624999999 0.26281875 0.9066960937499999 0.2718729166666667 0.9378046875000001 0.2863104166666667
2 0.936290625 0.26453125 0.936015234375 0.2618395833333333 0.938630859375 0.25816875 0.94262265625 0.2542534722222222 0.922112890625 0.2415284722222222 0.909999609375 0.25719027777777775 0.936290625 0.26453125