0 0.14921875 0.49444444444444446 0.153515625 0.5125 0.160546875 0.5152777777777777 0.1640625 0.5111111111111111 0.180078125 0.5118055555555555 0.185546875 0.5083333333333333 0.1875 0.5041666666666667 0.187890625 0.49722222222222223 0.185546875 0.4840277777777778 0.173046875 0.4666666666666667 0.1546875 0.4527777777777778 0.15078125 0.45208333333333334 0.149609375 0.45625 0.151953125 0.475 0.14921875 0.49444444444444446
0 0.125390625 0.4847222222222222 0.130078125 0.4986111111111111 0.13359375 0.49930555555555556 0.138671875 0.4951388888888889 0.144921875 0.4965277777777778 0.146484375 0.4909722222222222 0.14609375 0.48333333333333334 0.1484375 0.47708333333333336 0.14296875 0.4534722222222222 0.1375 0.4534722222222222 0.12421875 0.4638888888888889 0.123046875 0.4666666666666667 0.125390625 0.4847222222222222
0 0.39921875 0.6715277777777777 0.40546875 0.6729166666666667 0.409375 0.6708333333333333 0.421484375 0.6777777777777778 0.438671875 0.6944444444444444 0.44609375 0.69375 0.457421875 0.6847222222222222 0.461328125 0.6784722222222223 0.4625 0.66875 0.459375 0.6611111111111111 0.437109375 0.6368055555555555 0.431640625 0.6319444444444444 0.415625 0.625 0.407421875 0.6243055555555556 0.399609375 0.6319444444444444 0.396484375 0.6375 0.394921875 0.6493055555555556 0.3953125 0.6611111111111111 0.39921875 0.6715277777777777
0 0.405859375 0.5506944444444445 0.421484375 0.5541666666666667 0.441796875 0.5673611111111111 0.45390625 0.5673611111111111 0.462890625 0.5590277777777778 0.465234375 0.5506944444444445 0.462890625 0.5368055555555555 0.459765625 0.5326388888888889 0.44765625 0.5222222222222223 0.4390625 0.51875 0.4109375 0.5201388888888889 0.40703125 0.5222222222222223 0.403515625 0.5326388888888889 0.403125 0.5444444444444444 0.405859375 0.5506944444444445
0 0.522265625 0.6159722222222223 0.536328125 0.6173611111111111 0.55 0.6291666666666667 0.558203125 0.6173611111111111 0.566015625 0.5986111111111111 0.56484375 0.5951388888888889 0.55390625 0.5902777777777778 0.55625 0.5777777777777777 0.55 0.5694444444444444 0.536328125 0.5722222222222222 0.522265625 0.5895833333333333 0.519140625 0.5979166666666667 0.51875 0.6131944444444445 0.522265625 0.6159722222222223
0 0.55703125 0.34375 0.5640625 0.3590277777777778 0.58125 0.36180555555555555 0.58515625 0.3590277777777778 0.5859375 0.3451388888888889 0.58359375 0.33402777777777776 0.575 0.3173611111111111 0.559765625 0.3159722222222222 0.555859375 0.3173611111111111 0.552734375 0.3229166666666667 0.553125 0.34097222222222223 0.55703125 0.34375
0 0.6296875 0.30486111111111114 0.643359375 0.3055555555555556 0.646875 0.29791666666666666 0.645703125 0.28958333333333336 0.637109375 0.2743055555555556 0.622265625 0.27152777777777776 0.61953125 0.2763888888888889 0.619921875 0.29305555555555557 0.6296875 0.30486111111111114
0 0.6484375 0.29375 0.653515625 0.29583333333333334 0.659765625 0.29375 0.66015625 0.2826388888888889 0.65390625 0.2673611111111111 0.63984375 0.26458333333333334 0.636328125 0.26875 0.636328125 0.27361111111111114 0.6484375 0.29375
0 0.66953125 0.2708333333333333 0.68046875 0.2743055555555556 0.684375 0.26944444444444443 0.68515625 0.2638888888888889 0.680078125 0.24305555555555555 0.66953125 0.24166666666666667 0.665234375 0.24305555555555555 0.6625 0.24791666666666667 0.663671875 0.26180555555555557 0.66953125 0.2708333333333333
0 0.675 0.23819444444444443 0.680859375 0.24305555555555555 0.685546875 0.2625 0.693359375 0.2625 0.696875 0.25972222222222224 0.700390625 0.2513888888888889 0.6890625 0.225 0.676171875 0.23125 0.674609375 0.23402777777777778 0.675 0.23819444444444443
0 0.692578125 0.23472222222222222 0.699609375 0.25416666666666665 0.706640625 0.25277777777777777 0.708984375 0.24930555555555556 0.71015625 0.24166666666666667 0.70390625 0.2263888888888889 0.69375 0.22083333333333333 0.6890625 0.22152777777777777 0.686328125 0.22569444444444445 0.686328125 0.22847222222222222 0.692578125 0.23472222222222222
0 0.705859375 0.22708333333333333 0.7125 0.24444444444444444 0.719921875 0.24791666666666667 0.725 0.24513888888888888 0.726171875 0.2361111111111111 0.7203125 0.21805555555555556 0.71015625 0.2111111111111111 0.701171875 0.21319444444444444 0.69921875 0.21944444444444444 0.705859375 0.22708333333333333
0 0.726171875 0.22569444444444445 0.738671875 0.23055555555555557 0.74140625 0.23055555555555557 0.74375 0.22708333333333333 0.744921875 0.21388888888888888 0.738671875 0.19930555555555557 0.72734375 0.1951388888888889 0.719921875 0.20277777777777778 0.719921875 0.2152777777777778 0.726171875 0.22569444444444445
0 0.750390625 0.1951388888888889 0.768359375 0.20555555555555555 0.77265625 0.2048611111111111 0.774609375 0.20069444444444445 0.774609375 0.1909722222222222 0.76875 0.18055555555555555 0.759375 0.1763888888888889 0.7484375 0.17916666666666667 0.7484375 0.19236111111111112 0.750390625 0.1951388888888889
0 0.85546875 0.12708333333333333 0.859375 0.12986111111111112 0.866796875 0.12986111111111112 0.873046875 0.12291666666666666 0.87578125 0.10138888888888889 0.873046875 0.09652777777777778 0.86484375 0.09722222222222222 0.85859375 0.10208333333333333 0.855859375 0.10902777777777778 0.854296875 0.11805555555555555 0.85546875 0.12708333333333333
0 0.823828125 0.44722222222222224 0.82734375 0.45625 0.8453125 0.4618055555555556 0.85234375 0.4548611111111111 0.856640625 0.44583333333333336 0.8515625 0.43194444444444446 0.84375 0.4263888888888889 0.84296875 0.41458333333333336 0.834765625 0.40625 0.81796875 0.40347222222222223 0.809765625 0.4048611111111111 0.805859375 0.40694444444444444 0.804296875 0.4125 0.8046875 0.42777777777777776 0.823828125 0.44722222222222224
0 0.851171875 0.42291666666666666 0.866015625 0.42291666666666666 0.870703125 0.4152777777777778 0.8671875 0.3958333333333333 0.8625 0.3902777777777778 0.8421875 0.3840277777777778 0.8359375 0.3861111111111111 0.831640625 0.39305555555555555 0.83125 0.4013888888888889 0.851171875 0.42291666666666666
0 0.846484375 0.3819444444444444 0.85234375 0.38263888888888886 0.8671875 0.39305555555555555 0.873046875 0.4083333333333333 0.879296875 0.4083333333333333 0.8828125 0.40069444444444446 0.883203125 0.39375 0.874609375 0.3763888888888889 0.86015625 0.3715277777777778 0.849609375 0.3715277777777778 0.8453125 0.3763888888888889 0.844921875 0.3798611111111111 0.846484375 0.3819444444444444
0 0.86640625 0.3729166666666667 0.876953125 0.38055555555555554 0.878125 0.38680555555555557 0.882421875 0.38958333333333334 0.890625 0.3888888888888889 0.89375 0.3861111111111111 0.895703125 0.3715277777777778 0.888671875 0.35555555555555557 0.884765625 0.3506944444444444 0.87734375 0.34652777777777777 0.859765625 0.3451388888888889 0.853125 0.3472222222222222 0.851171875 0.35138888888888886 0.84921875 0.37083333333333335 0.86640625 0.3729166666666667
0 0.85859375 0.34444444444444444 0.8765625 0.3451388888888889 0.887890625 0.3541666666666667 0.894921875 0.36944444444444446 0.897265625 0.3701388888888889 0.901171875 0.3638888888888889 0.901953125 0.35555555555555557 0.88984375 0.33194444444444443 0.8796875 0.32708333333333334 0.868359375 0.32569444444444445 0.859765625 0.3284722222222222 0.857421875 0.3333333333333333 0.856640625 0.3416666666666667 0.85859375 0.34444444444444444
0 0.87421875 0.3277777777777778 0.885546875 0.33194444444444443 0.90390625 0.3576388888888889 0.912109375 0.3451388888888889 0.913671875 0.3347222222222222 0.900390625 0.32013888888888886 0.88828125 0.31805555555555554 0.873828125 0.32222222222222224 0.87265625 0.32430555555555557 0.87421875 0.3277777777777778
0 0.8765625 0.31875 0.896875 0.3194444444444444 0.903125 0.32430555555555557 0.907421875 0.33125 0.914453125 0.3347222222222222 0.9203125 0.3298611111111111 0.922265625 0.325 0.921484375 0.3215277777777778 0.914453125 0.3159722222222222 0.9078125 0.30625 0.90234375 0.3034722222222222 0.895703125 0.30486111111111114 0.8859375 0.3 0.878125 0.3034722222222222 0.875 0.30972222222222223 0.874609375 0.3145833333333333 0.8765625 0.31875
0 0.89375 0.3013888888888889 0.915625 0.3 0.921875 0.30277777777777776 0.935546875 0.28958333333333336 0.934375 0.2826388888888889 0.9234375 0.27847222222222223 0.90078125 0.2791666666666667 0.88984375 0.2861111111111111 0.889453125 0.2965277777777778 0.89375 0.3013888888888889
0 0.90703125 0.2777777777777778 0.925390625 0.2763888888888889 0.9359375 0.2798611111111111 0.937890625 0.27569444444444446 0.9375 0.26875 0.935546875 0.2652777777777778 0.925390625 0.2604166666666667 0.911328125 0.2625 0.9046875 0.26875 0.9046875 0.27569444444444446 0.90703125 0.2777777777777778
0 0.913671875 0.2625 0.925390625 0.25972222222222224 0.9359375 0.2652777777777778 0.950390625 0.25416666666666665 0.951953125 0.2465277777777778 0.95 0.24305555555555555 0.927734375 0.24375 0.9140625 0.25069444444444444 0.91015625 0.25625 0.91015625 0.25972222222222224 0.913671875 0.2625
0 0.157421875 0.4041666666666667 0.171484375 0.41041666666666665 0.178515625 0.4173611111111111 0.186328125 0.41180555555555554 0.192578125 0.41180555555555554 0.196484375 0.4013888888888889 0.192578125 0.3861111111111111 0.183203125 0.38472222222222224 0.176171875 0.3784722222222222 0.167578125 0.3798611111111111 0.155859375 0.38680555555555557 0.155859375 0.40069444444444446 0.157421875 0.4041666666666667
2 0.547280078125 0.3953770833333333 0.5687796875 0.3826368055555555 0.5503855468750001 0.34993680555555556 0.53008046875 0.36352638888888883 0.547280078125 0.3953770833333333
2 0.59242890625 0.36140277777777774 0.6031789062499999 0.3533340277777778 0.588129296875 0.32020902777777777 0.581679296875 0.32615416666666663 0.59242890625 0.36140277777777774
2 0.607478515625 0.3486625 0.622289453125 0.3367715277777778 0.604612109375 0.3078930555555556 0.5914734375 0.31851041666666663 0.607478515625 0.3486625
2 0.625394921875 0.3354972222222222 0.6371 0.3227569444444444 0.620139453125 0.2955777777777778 0.606762109375 0.30534513888888887 0.625394921875 0.3354972222222222
2 0.66743828125 0.2930291666666667 0.6765156250000001 0.28580972222222223 0.6621828125 0.2641513888888889 0.65692734375 0.2671236111111111 0.66743828125 0.2930291666666667
2 0.5721671875000001 0.3785263888888889 0.589678515625 0.3639041666666667 0.578137109375 0.3268770833333333 0.553329296875 0.3433861111111111 0.5721671875000001 0.3785263888888889
2 0.641151171875 0.3207451388888889 0.65242734375 0.3103680555555556 0.6387632812499999 0.2787652777777778 0.62165 0.2940951388888889 0.641151171875 0.3207451388888889
2 0.654549609375 0.3091888888888889 0.66808125 0.2990472222222222 0.65508046875 0.26555833333333334 0.6406203125000001 0.2740486111111111 0.654549609375 0.3091888888888889
2 0.6765714843749999 0.2464548611111111 0.662376953125 0.2601333333333333 0.678826953125 0.28418958333333333 0.6914296875 0.27522777777777774 0.6765714843749999 0.2464548611111111
2 0.68798046875 0.2346625 0.6777656249999999 0.24197361111111113 0.693817578125 0.27263333333333334 0.70575703125 0.2648506944444444 0.68798046875 0.2346625
2 0.69885859375 0.22169166666666665 0.691694921875 0.22923819444444446 0.706553125 0.2620201388888889 0.7158390625 0.25636041666666665 0.69885859375 0.22169166666666665
2 0.711859375 0.21367291666666668 0.702042578125 0.2200402777777778 0.7167679687499999 0.25518125 0.7284421875 0.2478701388888889 0.711859375 0.21367291666666668
2 0.7186250000000001 0.21343680555555555 0.7145125 0.21367291666666668 0.72910546875 0.24503958333333337 0.735340234375 0.23725694444444442 0.7186250000000001 0.21343680555555555
2 0.73162578125 0.19952222222222224 0.7198191406250001 0.2117861111111111 0.737462890625 0.23725694444444442 0.7389222656250001 0.23584166666666667 0.747943359375 0.22947430555555554 0.73162578125 0.19952222222222224
2 0.73865703125 0.19692777777777778 0.7337484375 0.1992861111111111 0.74940234375 0.2278236111111111 0.75776015625 0.22239861111111112 0.73865703125 0.19692777777777778
2 0.762403125 0.1790041666666667 0.7480757812500001 0.1900888888888889 0.76863828125 0.2129652777777778 0.76996484375 0.21060694444444444 0.7803125 0.2042388888888889 0.762403125 0.1790041666666667
2 0.8473445312500001 0.46878333333333333 0.8592210937500001 0.4454069444444444 0.8226011718749999 0.4026756944444444 0.8030898437499999 0.4245444444444445 0.8473445312500001 0.46878333333333333
2 0.8431027343749999 0.3798020833333333 0.8275499999999999 0.3946326388888889 0.862331640625 0.4356041666666667 0.861907421875 0.4338444444444444 0.873784375 0.4170034722222222 0.8431027343749999 0.3798020833333333
2 0.850313671875 0.3632125 0.8439511718749999 0.37376944444444443 0.8744910156250001 0.4137354166666667 0.8865093749999999 0.39764861111111116 0.850313671875 0.3632125
2 0.8555449218750001 0.3400875 0.849465234375 0.35717986111111116 0.887074609375 0.3961409722222222 0.886933203125 0.39438125 0.8961238281250001 0.37552916666666664 0.8555449218750001 0.3400875
2 0.8698253906250001 0.3222409722222222 0.8572417968750001 0.3358145833333333 0.8965476562499999 0.3732673611111111 0.8958410156250001 0.37125625 0.9050312500000001 0.3576826388888889 0.8698253906250001 0.3222409722222222
2 0.873784375 0.31118125 0.870532421875 0.32048194444444444 0.90488984375 0.3524041666666667 0.912948828125 0.3400875 0.873784375 0.31118125
2 0.88580234375 0.2933354166666667 0.8747738281249999 0.30967361111111114 0.9116765625 0.3385798611111111 0.912383203125 0.3368201388888889 0.9224218750000001 0.3219902777777778 0.88580234375 0.2933354166666667
2 0.91733203125 0.3136951388888889 0.9205839843750001 0.3114326388888889 0.919735546875 0.3033895833333333 0.926522265625 0.2981111111111111 0.9307640625 0.29182708333333335 0.9382574218749999 0.2868 0.9036171875000001 0.27121527777777776 0.888064453125 0.2900673611111111 0.91733203125 0.3136951388888889
2 0.937975 0.28805625 0.934581640625 0.28328055555555554 0.9347230468750001 0.2722208333333333 0.9368437500000001 0.2679479166666667 0.9301984375 0.2634236111111111 0.91181796875 0.26040694444444445 0.9051726562500001 0.2679479166666667 0.937975 0.28805625
2 0.9381160156250001 0.26493194444444446 0.938540234375 0.2576423611111111 0.947023828125 0.25462569444444444 0.9495687500000001 0.24708541666666667 0.92454296875 0.23753333333333335 0.9108281249999999 0.25663680555555557 0.9381160156250001 0.26493194444444446