0 0.403125 0.6736111111111112 0.421875 0.6770833333333334 0.4359375 0.6888888888888889 0.4421875 0.6979166666666666 0.464453125 0.6868055555555556 0.467578125 0.6791666666666667 0.46796875 0.6638888888888889 0.46328125 0.6541666666666667 0.446484375 0.6361111111111111 0.426953125 0.6229166666666667 0.411328125 0.6194444444444445 0.39921875 0.6333333333333333 0.39609375 0.6402777777777777 0.3953125 0.6590277777777778 0.403125 0.6736111111111112
0 0.1890625 0.53125 0.192578125 0.5319444444444444 0.19609375 0.5263888888888889 0.2125 0.5375 0.229296875 0.5430555555555555 0.2328125 0.5416666666666666 0.234765625 0.5375 0.23515625 0.5222222222222223 0.222265625 0.5041666666666667 0.212890625 0.4951388888888889 0.20390625 0.49236111111111114 0.191796875 0.49375 0.18828125 0.4965277777777778 0.183203125 0.5083333333333333 0.181640625 0.5152777777777777 0.1890625 0.53125
0 0.110546875 0.46041666666666664 0.116015625 0.475 0.123046875 0.47430555555555554 0.13046875 0.4666666666666667 0.13046875 0.45208333333333334 0.115234375 0.4305555555555556 0.1046875 0.42430555555555555 0.0953125 0.42430555555555555 0.0953125 0.43194444444444446 0.110546875 0.46041666666666664
0 0.46875 0.5791666666666667 0.48359375 0.58125 0.50078125 0.5923611111111111 0.502734375 0.5958333333333333 0.515234375 0.59375 0.52265625 0.5805555555555556 0.5234375 0.575 0.52265625 0.5631944444444444 0.519140625 0.5548611111111111 0.50234375 0.5444444444444444 0.476953125 0.5458333333333333 0.468359375 0.5506944444444445 0.46484375 0.5576388888888889 0.46484375 0.5722222222222222 0.46875 0.5791666666666667
0 0.55703125 0.34305555555555556 0.5640625 0.3590277777777778 0.582421875 0.3611111111111111 0.58515625 0.35833333333333334 0.5859375 0.3458333333333333 0.583203125 0.33194444444444443 0.576171875 0.31875 0.572265625 0.3159722222222222 0.557421875 0.3159722222222222 0.5546875 0.3173611111111111 0.552734375 0.3229166666666667 0.553125 0.3402777777777778 0.55703125 0.34305555555555556
0 0.62734375 0.3034722222222222 0.640234375 0.30694444444444446 0.644140625 0.30486111111111114 0.646484375 0.3 0.647265625 0.2965277777777778 0.645703125 0.2902777777777778 0.63671875 0.2743055555555556 0.62265625 0.27152777777777776 0.61953125 0.2777777777777778 0.61953125 0.2916666666666667 0.62734375 0.3034722222222222
0 0.648046875 0.29444444444444445 0.658203125 0.29583333333333334 0.659765625 0.29375 0.66015625 0.2826388888888889 0.654296875 0.26805555555555555 0.640625 0.26458333333333334 0.63671875 0.26875 0.636328125 0.2722222222222222 0.648046875 0.29444444444444445
0 0.669140625 0.27152777777777776 0.681640625 0.27361111111111114 0.684765625 0.26944444444444443 0.68515625 0.26319444444444445 0.68046875 0.24305555555555555 0.67421875 0.24027777777777778 0.66484375 0.2423611111111111 0.6625 0.24513888888888888 0.6625 0.25833333333333336 0.669140625 0.27152777777777776
0 0.681640625 0.24583333333333332 0.685546875 0.2611111111111111 0.690234375 0.2625 0.696875 0.25833333333333336 0.69765625 0.2513888888888889 0.6921875 0.2361111111111111 0.6859375 0.22916666666666666 0.678515625 0.23055555555555557 0.676953125 0.23541666666666666 0.681640625 0.24583333333333332
0 0.688671875 0.23194444444444445 0.694921875 0.24027777777777778 0.69921875 0.25833333333333336 0.70703125 0.2548611111111111 0.7140625 0.24375 0.72421875 0.24444444444444444 0.723828125 0.23333333333333334 0.71328125 0.23958333333333334 0.70859375 0.23402777777777778 0.70703125 0.22361111111111112 0.699609375 0.21944444444444444 0.68828125 0.21944444444444444 0.684765625 0.2263888888888889 0.684375 0.23125 0.688671875 0.23194444444444445
0 0.707421875 0.2298611111111111 0.712109375 0.24444444444444444 0.71953125 0.24861111111111112 0.725 0.24583333333333332 0.726171875 0.2361111111111111 0.7203125 0.21875 0.709765625 0.2125 0.701171875 0.21388888888888888 0.7 0.21944444444444444 0.707421875 0.2298611111111111
0 0.725 0.225 0.73671875 0.2298611111111111 0.741796875 0.2298611111111111 0.743359375 0.22708333333333333 0.744140625 0.21319444444444444 0.737890625 0.1986111111111111 0.7265625 0.1951388888888889 0.71875 0.20208333333333334 0.719140625 0.21666666666666667 0.725 0.225
0 0.767578125 0.20694444444444443 0.77421875 0.20347222222222222 0.775390625 0.19236111111111112 0.769921875 0.1798611111111111 0.75859375 0.175 0.748046875 0.17847222222222223 0.749609375 0.19583333333333333 0.767578125 0.20694444444444443
0 0.8578125 0.12916666666666668 0.866015625 0.12986111111111112 0.87265625 0.12291666666666666 0.8765625 0.10208333333333333 0.873828125 0.09722222222222222 0.865234375 0.09722222222222222 0.85859375 0.10277777777777777 0.855859375 0.1111111111111111 0.855078125 0.12638888888888888 0.8578125 0.12916666666666668
0 0.822265625 0.44375 0.82734375 0.45625 0.8453125 0.46319444444444446 0.856640625 0.4465277777777778 0.8515625 0.43194444444444446 0.845703125 0.4284722222222222 0.84296875 0.4131944444444444 0.831640625 0.40347222222222223 0.809765625 0.4041666666666667 0.806640625 0.40625 0.804296875 0.4125 0.8046875 0.42777777777777776 0.822265625 0.44375
0 0.850390625 0.4222222222222222 0.86640625 0.42291666666666666 0.869140625 0.4215277777777778 0.870703125 0.4166666666666667 0.870703125 0.41041666666666665 0.8671875 0.3958333333333333 0.86328125 0.3909722222222222 0.845703125 0.3840277777777778 0.834765625 0.3861111111111111 0.83125 0.3909722222222222 0.831640625 0.40208333333333335 0.850390625 0.4222222222222222
0 0.8453125 0.38263888888888886 0.85234375 0.38333333333333336 0.866796875 0.3923611111111111 0.869140625 0.39652777777777776 0.86953125 0.4041666666666667 0.873046875 0.4097222222222222 0.8796875 0.4083333333333333 0.8828125 0.40069444444444446 0.883203125 0.39375 0.873828125 0.3763888888888889 0.85234375 0.37083333333333335 0.844921875 0.3763888888888889 0.844140625 0.3798611111111111 0.8453125 0.38263888888888886
0 0.866796875 0.3729166666666667 0.876953125 0.38055555555555554 0.878515625 0.38680555555555557 0.880859375 0.3888888888888889 0.890625 0.38819444444444445 0.895703125 0.3763888888888889 0.89609375 0.3729166666666667 0.887890625 0.35625 0.880078125 0.34791666666666665 0.85546875 0.3458333333333333 0.851953125 0.3486111111111111 0.85078125 0.3548611111111111 0.84921875 0.37083333333333335 0.866796875 0.3729166666666667
0 0.85859375 0.34375 0.86328125 0.3423611111111111 0.87890625 0.34791666666666665 0.88515625 0.3527777777777778 0.89453125 0.36944444444444446 0.89921875 0.36944444444444446 0.903515625 0.3597222222222222 0.903125 0.3548611111111111 0.896484375 0.3423611111111111 0.897265625 0.33819444444444446 0.89375 0.33402777777777776 0.87265625 0.325 0.8625 0.3263888888888889 0.858203125 0.33194444444444443 0.85703125 0.3388888888888889 0.85859375 0.34375
0 0.89140625 0.3326388888888889 0.898828125 0.3423611111111111 0.9078125 0.34652777777777777 0.9109375 0.3451388888888889 0.91171875 0.3347222222222222 0.900390625 0.32083333333333336 0.89140625 0.3173611111111111 0.8734375 0.32083333333333336 0.871484375 0.32430555555555557 0.89140625 0.3326388888888889
0 0.876171875 0.31875 0.901171875 0.31666666666666665 0.9046875 0.32083333333333336 0.914453125 0.3173611111111111 0.905078125 0.30277777777777776 0.89453125 0.3034722222222222 0.8859375 0.3 0.876953125 0.3034722222222222 0.875 0.30694444444444446 0.87421875 0.31527777777777777 0.876171875 0.31875
0 0.89296875 0.30069444444444443 0.9109375 0.29930555555555555 0.921484375 0.3020833333333333 0.9375 0.28958333333333336 0.935546875 0.28125 0.924609375 0.2763888888888889 0.903515625 0.2777777777777778 0.893359375 0.28194444444444444 0.88984375 0.2861111111111111 0.88984375 0.2965277777777778 0.89296875 0.30069444444444443
0 0.906640625 0.2777777777777778 0.925390625 0.2763888888888889 0.9359375 0.2798611111111111 0.937109375 0.2743055555555556 0.937109375 0.26875 0.93515625 0.2652777777777778 0.926171875 0.2611111111111111 0.9078125 0.26458333333333334 0.9046875 0.26875 0.904296875 0.275 0.906640625 0.2777777777777778
2 0.545409375 0.39413055555555554 0.56509609375 0.3778243055555556 0.551897265625 0.3479965277777778 0.53176328125 0.36112083333333334 0.545409375 0.39413055555555554
2 0.591941796875 0.35595069444444444 0.60245625 0.34600763888888886 0.588138671875 0.3217472222222222 0.5814273437499999 0.3253270833333333 0.591941796875 0.35595069444444444
2 0.6055878906250001 0.34401944444444443 0.6185632812499999 0.33169027777777776 0.604693359375 0.30742986111111115 0.5912703125000001 0.32015625 0.6055878906250001 0.34401944444444443
2 0.621248046875 0.33089444444444444 0.63511796875 0.3205541666666667 0.6216953125 0.29629375 0.607825 0.3058388888888889 0.621248046875 0.33089444444444444
2 0.667495703125 0.2964784722222222 0.678473828125 0.28888055555555553 0.66162734375 0.2642777777777778 0.656742578125 0.2688083333333333 0.667495703125 0.2964784722222222
0 0.912890625 0.26319444444444445 0.92109375 0.2611111111111111 0.935546875 0.2652777777777778 0.942578125 0.26458333333333334 0.95234375 0.24791666666666667 0.95078125 0.24444444444444444 0.946875 0.24305555555555555 0.926953125 0.24444444444444444 0.91328125 0.2513888888888889 0.909765625 0.25555555555555554 0.909375 0.2590277777777778 0.912890625 0.26319444444444445
2 0.568352734375 0.3791055555555556 0.590684375 0.36218402777777775 0.5784203125 0.3244361111111111 0.5516957031249999 0.3384284722222222 0.568352734375 0.3791055555555556
2 0.638825 0.3215076388888889 0.6534683593749999 0.30816527777777775 0.6382757812500001 0.27757638888888886 0.61960546875 0.2886409722222222 0.638825 0.3215076388888889
2 0.6555117187499999 0.3066097222222222 0.66699296875 0.2976701388888889 0.65417109375 0.26534097222222225 0.638751171875 0.2732368055555556 0.6555117187499999 0.3066097222222222
2 0.681909765625 0.28590069444444444 0.69263671875 0.27770625 0.67830625 0.24761180555555554 0.66263515625 0.25789166666666663 0.681909765625 0.28590069444444444
2 0.694061328125 0.2756208333333333 0.705375 0.26668194444444443 0.689955078125 0.23092569444444447 0.6778875 0.23897083333333333 0.694061328125 0.2756208333333333
2 0.706212890625 0.2645958333333333 0.7170234375 0.2552097222222222 0.7000953125 0.22139027777777778 0.688446484375 0.22809444444444446 0.706212890625 0.2645958333333333
2 0.71878359375 0.25476319444444445 0.728923828125 0.24656875000000003 0.7137550781249999 0.21364305555555557 0.701771484375 0.2201986111111111 0.71878359375 0.25476319444444445
2 0.730180859375 0.24478125 0.73730390625 0.23822569444444447 0.7188671875 0.21394097222222222 0.71543125 0.21409027777777778 0.730180859375 0.24478125
2 0.7394828125 0.23762986111111112 0.74845 0.2313722222222222 0.730767578125 0.20306527777777778 0.719873046875 0.21230277777777778 0.7394828125 0.23762986111111112
2 0.737387890625 0.2005326388888889 0.732778515625 0.20291666666666666 0.749287890625 0.22928680555555556 0.7574167968750001 0.2225826388888889 0.737387890625 0.2005326388888889
2 0.748282421875 0.19546736111111113 0.740823828125 0.2005326388888889 0.758673828125 0.22064583333333335 0.7673894531250001 0.21409027777777778 0.748282421875 0.19546736111111113
2 0.763115625 0.17967500000000003 0.749623046875 0.1924875 0.767976171875 0.21096180555555558 0.7793734375 0.20217152777777778 0.763115625 0.17967500000000003
2 0.773591015625 0.17669513888888888 0.7657136718750001 0.17952569444444444 0.78130078125 0.2009798611111111 0.7904355468750001 0.1924875 0.773591015625 0.17669513888888888
2 0.8245703125 0.40081249999999996 0.8026078125 0.42620902777777775 0.8395359375 0.4678451388888889 0.860332421875 0.44106666666666666 0.8245703125 0.40081249999999996
2 0.8447835937500001 0.38249930555555556 0.82884609375 0.39977569444444444 0.8616929687500001 0.43812986111111113 0.8743261718750001 0.4189527777777778 0.8447835937500001 0.38249930555555556
2 0.85226640625 0.36764166666666664 0.8435203124999999 0.37887152777777783 0.8756867187499999 0.415325 0.8859878906249999 0.40012152777777776 0.85226640625 0.36764166666666664
2 0.8883203125 0.39908472222222224 0.895511328125 0.37593472222222224 0.8637335937499999 0.34552777777777777 0.8536269531249999 0.36297708333333334 0.8883203125 0.39908472222222224
2 0.897649609375 0.37472500000000003 0.90454921875 0.35779444444444447 0.8705363281249999 0.32341458333333334 0.8564453125 0.33861736111111107 0.897649609375 0.37472500000000003
2 0.9069785156249999 0.35554861111111113 0.913198046875 0.3370625 0.8943453124999999 0.31754027777777777 0.8796710937500001 0.31443055555555555 0.87763046875 0.3161583333333333 0.87170234375 0.32168680555555557 0.9069785156249999 0.35554861111111113
2 0.87510390625 0.31512152777777774 0.89006953125 0.31252986111111114 0.9157249999999999 0.3379263888888889 0.9234019531250001 0.32704236111111107 0.8887089843749999 0.29784513888888886 0.8745207031250001 0.3099388888888889 0.87510390625 0.31512152777777774
2 0.8904582031249999 0.29698125000000003 0.91902890625 0.32116805555555555 0.91805703125 0.3170222222222222 0.9191261718750001 0.31045694444444444 0.92349921875 0.3049284722222222 0.895511328125 0.29214375000000004 0.8911382812499999 0.2962902777777778 0.8904582031249999 0.29698125000000003
2 0.9241796875 0.3049284722222222 0.924568359375 0.3004368055555556 0.92592890625 0.2957722222222222 0.934286328125 0.29283472222222223 0.939825390625 0.2911076388888889 0.93448046875 0.28834305555555556 0.9034800781250001 0.2753861111111111 0.8904582031249999 0.28834305555555556 0.9241796875 0.3049284722222222
2 0.938367578125 0.28540625000000003 0.9365214843749999 0.2790138888888889 0.936715625 0.2734854166666667 0.942837890625 0.2712395833333333 0.930301953125 0.26329236111111115 0.912615234375 0.2608736111111111 0.90474375 0.27089375 0.938367578125 0.28540625000000003
2 0.9414773437499999 0.26847499999999996 0.9390480468750001 0.2605284722222222 0.944976171875 0.2529263888888889 0.9512925781250001 0.24757083333333335 0.9235964843750001 0.2396236111111111 0.908727734375 0.2577638888888889 0.9414773437499999 0.26847499999999996