0 0.20625 0.7027777777777777 0.205859375 0.7166666666666667 0.208203125 0.7222222222222222 0.2359375 0.7236111111111111 0.240234375 0.7166666666666667 0.24296875 0.7006944444444444 0.246484375 0.6784722222222223 0.2484375 0.6472222222222223 0.2390625 0.6340277777777777 0.225390625 0.6347222222222222 0.21953125 0.64375 0.212109375 0.6708333333333333 0.2078125 0.675 0.209375 0.6847222222222222 0.20625 0.7027777777777777
0 0.080859375 0.3875 0.0828125 0.3993055555555556 0.085546875 0.4048611111111111 0.108203125 0.4131944444444444 0.1203125 0.4125 0.123046875 0.40694444444444444 0.123828125 0.40069444444444446 0.121875 0.39375 0.115625 0.3888888888888889 0.108984375 0.37777777777777777 0.093359375 0.375 0.0828125 0.37916666666666665 0.08046875 0.38333333333333336 0.080859375 0.3875
0 0.11328125 0.37777777777777777 0.126953125 0.38125 0.137109375 0.37430555555555556 0.13984375 0.36944444444444446 0.137109375 0.36180555555555555 0.131640625 0.35555555555555557 0.13203125 0.3451388888888889 0.130078125 0.3423611111111111 0.121875 0.3423611111111111 0.115234375 0.3458333333333333 0.112109375 0.3506944444444444 0.11015625 0.3701388888888889 0.11328125 0.37777777777777777
0 0.030859375 0.31875 0.046875 0.33055555555555555 0.05234375 0.33125 0.064453125 0.32708333333333334 0.068359375 0.3215277777777778 0.067578125 0.31319444444444444 0.056640625 0.29930555555555555 0.039453125 0.3 0.03046875 0.30625 0.029296875 0.3145833333333333 0.030859375 0.31875
0 0.55703125 0.34305555555555556 0.56484375 0.3590277777777778 0.58203125 0.3611111111111111 0.58515625 0.35833333333333334 0.5859375 0.3451388888888889 0.5828125 0.33125 0.578515625 0.3215277777777778 0.56875 0.31527777777777777 0.556640625 0.3159722222222222 0.553125 0.3194444444444444 0.553125 0.33958333333333335 0.55703125 0.34305555555555556
0 0.6296875 0.30416666666666664 0.64375 0.30416666666666664 0.646484375 0.2972222222222222 0.6453125 0.2902777777777778 0.638671875 0.27708333333333335 0.625390625 0.27152777777777776 0.621484375 0.2722222222222222 0.61953125 0.2763888888888889 0.61953125 0.2916666666666667 0.6296875 0.30416666666666664
0 0.64765625 0.29375 0.651953125 0.29583333333333334 0.659765625 0.29375 0.660546875 0.28402777777777777 0.654296875 0.26805555555555555 0.645703125 0.26458333333333334 0.639453125 0.26458333333333334 0.63671875 0.26805555555555555 0.6359375 0.2722222222222222 0.64765625 0.29375
0 0.66875 0.2701388888888889 0.681640625 0.27361111111111114 0.683984375 0.27152777777777776 0.68515625 0.2590277777777778 0.68046875 0.2423611111111111 0.675390625 0.23958333333333334 0.66328125 0.24513888888888888 0.662890625 0.2590277777777778 0.66875 0.2701388888888889
0 0.68125 0.24305555555555555 0.6859375 0.2611111111111111 0.69296875 0.26180555555555557 0.69765625 0.25833333333333336 0.698828125 0.2513888888888889 0.696875 0.24444444444444444 0.69453125 0.23680555555555555 0.6890625 0.22916666666666666 0.678515625 0.22847222222222222 0.676171875 0.23194444444444445 0.676171875 0.23680555555555555 0.68125 0.24305555555555555
0 0.694921875 0.23819444444444443 0.7 0.2534722222222222 0.706640625 0.2534722222222222 0.7109375 0.24861111111111112 0.710546875 0.2388888888888889 0.703125 0.225 0.696484375 0.22083333333333333 0.688671875 0.22430555555555556 0.6875 0.22708333333333333 0.694921875 0.23819444444444443
0 0.699609375 0.22013888888888888 0.70703125 0.22916666666666666 0.712890625 0.24513888888888888 0.71953125 0.24791666666666667 0.725 0.24513888888888888 0.726171875 0.23680555555555555 0.71953125 0.21597222222222223 0.71015625 0.2111111111111111 0.70078125 0.21319444444444444 0.69921875 0.21597222222222223 0.699609375 0.22013888888888888
0 0.720703125 0.21666666666666667 0.7265625 0.225 0.736328125 0.2298611111111111 0.741796875 0.2298611111111111 0.74375 0.2263888888888889 0.7453125 0.21666666666666667 0.738671875 0.1986111111111111 0.7265625 0.1951388888888889 0.71953125 0.2013888888888889 0.719140625 0.21041666666666667 0.720703125 0.21666666666666667
0 0.7671875 0.20625 0.773828125 0.20277777777777778 0.775 0.19236111111111112 0.769921875 0.18125 0.758984375 0.17569444444444443 0.748828125 0.17847222222222223 0.749609375 0.19444444444444445 0.7671875 0.20625
0 0.307421875 0.21944444444444444 0.3125 0.22013888888888888 0.314453125 0.21597222222222223 0.312890625 0.2111111111111111 0.3109375 0.21319444444444444 0.30546875 0.20972222222222223 0.304296875 0.2125 0.30390625 0.21666666666666667 0.307421875 0.21944444444444444
0 0.821875 0.44513888888888886 0.827734375 0.45625 0.8453125 0.4625 0.856640625 0.44583333333333336 0.8515625 0.43194444444444446 0.84609375 0.42916666666666664 0.84375 0.425 0.843359375 0.41458333333333336 0.83515625 0.40625 0.827734375 0.40347222222222223 0.80703125 0.40625 0.804296875 0.4111111111111111 0.80390625 0.4166666666666667 0.8046875 0.42916666666666664 0.821875 0.44513888888888886
0 0.8453125 0.41875 0.8515625 0.42291666666666666 0.865625 0.42291666666666666 0.868359375 0.4215277777777778 0.87109375 0.41458333333333336 0.86796875 0.39652777777777776 0.8625 0.38958333333333334 0.8453125 0.38333333333333336 0.83515625 0.3861111111111111 0.83125 0.39375 0.83125 0.4013888888888889 0.8453125 0.41875
0 0.85234375 0.38263888888888886 0.86640625 0.3923611111111111 0.86953125 0.4041666666666667 0.873046875 0.41041666666666665 0.880078125 0.4083333333333333 0.8828125 0.40069444444444446 0.8828125 0.3923611111111111 0.874609375 0.3763888888888889 0.852734375 0.37083333333333335 0.845703125 0.37569444444444444 0.846484375 0.3819444444444444 0.85234375 0.38263888888888886
0 0.850390625 0.3701388888888889 0.869921875 0.3736111111111111 0.87578125 0.37777777777777777 0.87890625 0.38680555555555557 0.8828125 0.3888888888888889 0.890625 0.3875 0.894921875 0.3770833333333333 0.89453125 0.37083333333333335 0.88515625 0.35208333333333336 0.88125 0.3486111111111111 0.85859375 0.3451388888888889 0.855078125 0.3458333333333333 0.8515625 0.3506944444444444 0.849609375 0.36527777777777776 0.850390625 0.3701388888888889
0 0.8578125 0.34444444444444444 0.88125 0.3472222222222222 0.88828125 0.3527777777777778 0.890234375 0.35625 0.890234375 0.3625 0.894140625 0.36944444444444446 0.89765625 0.3701388888888889 0.9 0.3659722222222222 0.8984375 0.3590277777777778 0.9015625 0.35555555555555557 0.898828125 0.3527777777777778 0.89453125 0.3402777777777778 0.887890625 0.33194444444444443 0.869921875 0.325 0.858984375 0.3277777777777778 0.8578125 0.33055555555555555 0.855859375 0.34097222222222223 0.8578125 0.34444444444444444
0 0.87421875 0.32569444444444445 0.89375 0.33958333333333335 0.9015625 0.35 0.904296875 0.35833333333333334 0.912109375 0.3451388888888889 0.913671875 0.3347222222222222 0.903125 0.3229166666666667 0.894921875 0.31805555555555554 0.883984375 0.31805555555555554 0.87421875 0.32222222222222224 0.873046875 0.32430555555555557 0.87421875 0.32569444444444445
0 0.87578125 0.31875 0.889583203125 0.31805555555555554 0.918359375 0.3284722222222222 0.920703125 0.3229166666666667 0.921484375 0.30625 0.91484375 0.3 0.8921875 0.3013888888888889 0.886328125 0.29930555555555555 0.87734375 0.3034722222222222 0.874609375 0.30972222222222223 0.87421875 0.3159722222222222 0.87578125 0.31875
0 0.88984375 0.2965277777777778 0.893359375 0.30069444444444443 0.9078125 0.29930555555555555 0.918359375 0.30069444444444443 0.925390625 0.2972222222222222 0.9359375 0.28888888888888886 0.9359375 0.28541666666666665 0.93359375 0.28194444444444444 0.93046875 0.28125 0.92890625 0.2791666666666667 0.9234375 0.27847222222222223 0.90390625 0.27847222222222223 0.891015625 0.28402777777777777 0.88984375 0.2861111111111111 0.88984375 0.2965277777777778
0 0.9046875 0.27569444444444446 0.906640625 0.2777777777777778 0.926953125 0.2777777777777778 0.9359375 0.2798611111111111 0.93671875 0.2791666666666667 0.937109375 0.27569444444444446 0.938671875 0.2722222222222222 0.937890625 0.26944444444444443 0.93515625 0.2652777777777778 0.9328125 0.26319444444444445 0.9265625 0.2611111111111111 0.920703125 0.2611111111111111 0.916796875 0.26319444444444445 0.9109375 0.2638888888888889 0.90703125 0.2659722222222222 0.90546875 0.26805555555555555 0.9046875 0.2708333333333333 0.9046875 0.27569444444444446
0 0.911328125 0.2625 0.926953125 0.2604166666666667 0.9359375 0.2652777777777778 0.95 0.2534722222222222 0.9515625 0.24791666666666667 0.950390625 0.24444444444444444 0.928125 0.24375 0.910546875 0.2548611111111111 0.909765625 0.2590277777777778 0.911328125 0.2625
0 0.880078125 0.13472222222222222 0.887890625 0.13472222222222222 0.891015625 0.13055555555555556 0.891796875 0.12291666666666666 0.8890625 0.11666666666666667 0.883203125 0.11597222222222223 0.87890625 0.125 0.878515625 0.13125 0.880078125 0.13472222222222222
0 0.86640625 0.12986111111111112 0.8734375 0.12013888888888889 0.875390625 0.09861111111111111 0.870703125 0.09583333333333334 0.865625 0.09652777777777778 0.85859375 0.10277777777777777 0.85546875 0.11180555555555556 0.85546875 0.12708333333333333 0.86640625 0.12986111111111112
2 0.552289453125 0.3425298611111111 0.56976953125 0.3826833333333333 0.59058828125 0.36382847222222225 0.57428671875 0.32856319444444443 0.553664453125 0.34287847222222223 0.552289453125 0.3425298611111111
2 0.59333828125 0.3617333333333333 0.6049261718750001 0.34986180555555557 0.586267578125 0.3187861111111111 0.576840234375 0.32507152777777776 0.59333828125 0.3617333333333333
2 0.60963984375 0.3509097222222222 0.621227734375 0.3358951388888889 0.6064972656250001 0.3065659722222222 0.589802734375 0.31808819444444447 0.60963984375 0.3509097222222222
2 0.624173828125 0.33414930555555555 0.6359578124999999 0.3229763888888889 0.62063828125 0.2964395833333333 0.60826484375 0.3062166666666667 0.624173828125 0.33414930555555555
2 0.638511328125 0.3215798611111111 0.65206328125 0.3114541666666667 0.6373328125 0.281775 0.6224058593749999 0.29504305555555554 0.638511328125 0.3215798611111111
2 0.655991015625 0.30831180555555554 0.668757421875 0.29923333333333335 0.653634375 0.2702527777777778 0.640475390625 0.2782833333333333 0.655991015625 0.30831180555555554
2 0.670721484375 0.29713819444444445 0.68073828125 0.28631388888888887 0.659919140625 0.26082500000000003 0.6524558593750001 0.2674590277777778 0.670721484375 0.29713819444444445
2 0.683783203125 0.285475 0.6961734374999999 0.27609791666666667 0.677036328125 0.2460013888888889 0.66010703125 0.25886875000000004 0.683783203125 0.285475
2 0.69838125 0.27391666666666664 0.7077046874999999 0.26519305555555556 0.689303515625 0.234225 0.678630859375 0.24251250000000002 0.69838125 0.27391666666666664
2 0.711262109375 0.2630125 0.718008984375 0.254725 0.7003441406250001 0.22135763888888887 0.690162109375 0.22811874999999998 0.711262109375 0.2630125
2 0.7198492187500001 0.25385277777777776 0.73015390625 0.24491111111111113 0.713225 0.21350694444444443 0.7030429687499999 0.2211395833333333 0.7198492187500001 0.25385277777777776
2 0.731994140625 0.24382083333333332 0.738495703125 0.23771458333333334 0.7207078124999999 0.21307083333333335 0.716046484375 0.21590555555555555 0.731994140625 0.24382083333333332
2 0.74094921875 0.23749652777777777 0.750885546875 0.23160763888888888 0.733833984375 0.20303888888888888 0.7237750000000001 0.2100173611111111 0.74094921875 0.23749652777777777
2 0.7518671875 0.22855486111111112 0.759718359375 0.22179374999999998 0.739231640625 0.19954930555555556 0.7362875 0.20020347222222223 0.7518671875 0.22855486111111112
2 0.762048828125 0.21983125 0.76830546875 0.21503333333333335 0.749781640625 0.19235208333333334 0.74217578125 0.1980229166666667 0.762048828125 0.21983125
2 0.7694093750000001 0.2141611111111111 0.78106328125 0.20521944444444445 0.761926171875 0.1792673611111111 0.7518671875 0.18799097222222222 0.7694093750000001 0.2141611111111111
2 0.843152734375 0.47475694444444444 0.861019140625 0.4482881944444444 0.8202718750000001 0.4039888888888889 0.8039730468749999 0.4301784722222222 0.843152734375 0.47475694444444444
2 0.8627429687499999 0.44494513888888887 0.878728125 0.41847708333333333 0.8425261718750001 0.37835625 0.8249734375 0.3978597222222222 0.8627429687499999 0.44494513888888887
2 0.88045234375 0.4168048611111111 0.8886015625000001 0.39869513888888886 0.8509890625000001 0.36470486111111106 0.8448769531250001 0.37306319444444447 0.88045234375 0.4168048611111111
2 0.8895417968749999 0.3922875 0.8969078125 0.3736201388888889 0.861332421875 0.3415798611111111 0.8497351562500001 0.3574604166666667 0.8895417968749999 0.3922875
2 0.89816171875 0.3694409722222222 0.904587109375 0.3543958333333333 0.8686984375 0.3209625 0.8547499999999999 0.33684305555555555 0.89816171875 0.3694409722222222
2 0.906154296875 0.3530027777777778 0.9132066406250001 0.33517152777777776 0.877474609375 0.31371805555555554 0.8716757812499999 0.3201263888888889 0.906154296875 0.3530027777777778
2 0.916027734375 0.3332215277777778 0.9233933593750001 0.3170618055555556 0.887661328125 0.2917076388888889 0.87371328125 0.30926041666666665 0.916027734375 0.3332215277777778
2 0.924333984375 0.3131611111111111 0.934990625 0.29254375 0.9020796875 0.2699763888888889 0.8859375 0.2883645833333333 0.924333984375 0.3131611111111111
2 0.93828203125 0.2931006944444444 0.9454910156249999 0.27638402777777776 0.909601953125 0.25688125 0.9031765625 0.26607569444444445 0.93828203125 0.2931006944444444
2 0.9473714843750001 0.27081180555555556 0.954894140625 0.24657291666666667 0.922453125 0.2290201388888889 0.908975390625 0.25047291666666666 0.9473714843750001 0.27081180555555556