0 0.267578125 0.5638888888888889 0.290234375 0.5777777777777777 0.3 0.5881944444444445 0.320703125 0.5965277777777778 0.322265625 0.5923611111111111 0.321484375 0.5777777777777777 0.298046875 0.5486111111111112 0.2875 0.5430555555555555 0.279296875 0.5423611111111111 0.272265625 0.5465277777777777 0.266796875 0.55625 0.265234375 0.5604166666666667 0.267578125 0.5638888888888889
0 0.376171875 0.5333333333333333 0.397265625 0.5375 0.407421875 0.5479166666666667 0.417578125 0.5465277777777777 0.425390625 0.5381944444444444 0.428125 0.5305555555555556 0.42734375 0.5180555555555556 0.423828125 0.5076388888888889 0.408203125 0.49930555555555556 0.380078125 0.5041666666666667 0.373046875 0.5138888888888888 0.373046875 0.5263888888888889 0.376171875 0.5333333333333333
0 0.15234375 0.5020833333333333 0.164453125 0.5090277777777777 0.184375 0.5104166666666666 0.187109375 0.5083333333333333 0.1890625 0.5006944444444444 0.188671875 0.49444444444444446 0.173828125 0.47291666666666665 0.161328125 0.4625 0.150390625 0.4638888888888889 0.15 0.49444444444444446 0.15234375 0.5020833333333333
0 0.14375 0.4895833333333333 0.1453125 0.4736111111111111 0.141796875 0.47291666666666665 0.13984375 0.47708333333333336 0.140625 0.4909722222222222 0.14375 0.4895833333333333
0 0.033984375 0.38819444444444445 0.03125 0.4013888888888889 0.03203125 0.41458333333333336 0.041015625 0.41597222222222224 0.0515625 0.40902777777777777 0.05390625 0.4013888888888889 0.05234375 0.3875 0.04453125 0.375 0.033984375 0.36527777777777776 0.02890625 0.3645833333333333 0.029296875 0.3770833333333333 0.033984375 0.38819444444444445
0 0.019140625 0.38819444444444445 0.022265625 0.38680555555555557 0.022265625 0.3798611111111111 0.01875 0.37222222222222223 0.014453125 0.3770833333333333 0.013671875 0.38055555555555554 0.019140625 0.38819444444444445
0 0.553515625 0.3402777777777778 0.55859375 0.3458333333333333 0.56484375 0.3590277777777778 0.58125 0.3611111111111111 0.58515625 0.35833333333333334 0.5859375 0.3451388888888889 0.582421875 0.33055555555555555 0.57578125 0.31875 0.571875 0.3159722222222222 0.5578125 0.3159722222222222 0.553125 0.32083333333333336 0.55234375 0.33194444444444443 0.553515625 0.3402777777777778
0 0.6296875 0.30416666666666664 0.640234375 0.3055555555555556 0.644140625 0.30416666666666664 0.64609375 0.29930555555555555 0.645703125 0.2916666666666667 0.637890625 0.2763888888888889 0.62265625 0.27152777777777776 0.61953125 0.27708333333333335 0.61953125 0.29097222222222224 0.6296875 0.30416666666666664
0 0.6484375 0.29444444444444445 0.658203125 0.29583333333333334 0.659765625 0.29375 0.660546875 0.2826388888888889 0.6546875 0.26805555555555555 0.651171875 0.2652777777777778 0.6421875 0.26458333333333334 0.63671875 0.26875 0.636328125 0.27291666666666664 0.6484375 0.29444444444444445
0 0.669140625 0.2708333333333333 0.677734375 0.27361111111111114 0.683984375 0.27152777777777776 0.68515625 0.2638888888888889 0.680078125 0.24305555555555555 0.674609375 0.24027777777777778 0.66328125 0.24513888888888888 0.662890625 0.25972222222222224 0.669140625 0.2708333333333333
0 0.675390625 0.2375 0.68125 0.24375 0.6859375 0.26180555555555557 0.692578125 0.26180555555555557 0.697265625 0.25833333333333336 0.6984375 0.2513888888888889 0.69453125 0.2375 0.690625 0.23125 0.685546875 0.22708333333333333 0.677734375 0.23055555555555557 0.675390625 0.23402777777777778 0.675390625 0.2375
0 0.69296875 0.23402777777777778 0.699609375 0.2534722222222222 0.70703125 0.2534722222222222 0.710546875 0.24861111111111112 0.709765625 0.23819444444444443 0.703515625 0.22569444444444445 0.69609375 0.22083333333333333 0.69140625 0.22152777777777777 0.688671875 0.225 0.687890625 0.22708333333333333 0.69296875 0.23402777777777778
0 0.700390625 0.22013888888888888 0.70625 0.22569444444444445 0.71328125 0.24583333333333332 0.7203125 0.25 0.725 0.2465277777777778 0.7265625 0.2375 0.720703125 0.21805555555555556 0.71015625 0.21180555555555555 0.70234375 0.2125 0.7 0.21666666666666667 0.700390625 0.22013888888888888
0 0.719140625 0.2111111111111111 0.72109375 0.21805555555555556 0.730859375 0.22777777777777777 0.741015625 0.23055555555555557 0.74375 0.22708333333333333 0.74453125 0.21388888888888888 0.737890625 0.1986111111111111 0.730078125 0.19583333333333333 0.721484375 0.1986111111111111 0.719140625 0.20277777777777778 0.719140625 0.2111111111111111
0 0.768359375 0.20555555555555555 0.77421875 0.20277777777777778 0.775 0.19236111111111112 0.7703125 0.18055555555555555 0.75859375 0.175 0.748046875 0.17847222222222223 0.749609375 0.19583333333333333 0.768359375 0.20555555555555555
0 0.8671875 0.12916666666666668 0.873046875 0.12291666666666666 0.876171875 0.10208333333333333 0.871484375 0.09652777777777778 0.861328125 0.1 0.858203125 0.10347222222222222 0.855078125 0.11666666666666667 0.855859375 0.12777777777777777 0.8671875 0.12916666666666668
0 0.921875 0.030555555555555555 0.92890625 0.025694444444444443 0.930078125 0.01875 0.928515625 0.009722222222222222 0.921484375 0.006944444444444444 0.919140625 0.013888888888888888 0.919140625 0.029166666666666667 0.921875 0.030555555555555555
0 0.8046875 0.4284722222222222 0.819140625 0.4423611111111111 0.826953125 0.45625 0.84609375 0.4618055555555556 0.851953125 0.45555555555555555 0.856640625 0.44583333333333336 0.856640625 0.44166666666666665 0.8515625 0.43194444444444446 0.8453125 0.4284722222222222 0.843359375 0.4152777777777778 0.83515625 0.40694444444444444 0.816015625 0.40347222222222223 0.806640625 0.40625 0.804296875 0.4111111111111111 0.803515625 0.425 0.8046875 0.4284722222222222
0 0.851953125 0.42291666666666666 0.8671875 0.4222222222222222 0.87109375 0.41458333333333336 0.8671875 0.39375 0.862109375 0.38958333333333334 0.844140625 0.38333333333333336 0.83515625 0.3861111111111111 0.83125 0.3923611111111111 0.83125 0.4013888888888889 0.851953125 0.42291666666666666
0 0.85234375 0.38333333333333336 0.866796875 0.39305555555555555 0.86953125 0.4048611111111111 0.87265625 0.40902777777777777 0.8796875 0.40694444444444444 0.8828125 0.3993055555555556 0.8828125 0.39375 0.8734375 0.3763888888888889 0.861328125 0.37222222222222223 0.849609375 0.3729166666666667 0.8453125 0.3763888888888889 0.84609375 0.38263888888888886 0.85234375 0.38333333333333336
0 0.85078125 0.37083333333333335 0.869921875 0.3736111111111111 0.87578125 0.37777777777777777 0.878515625 0.38680555555555557 0.8828125 0.38958333333333334 0.891796875 0.38680555555555557 0.8953125 0.3729166666666667 0.883984375 0.35138888888888886 0.875390625 0.34652777777777777 0.855078125 0.3458333333333333 0.851953125 0.3486111111111111 0.849609375 0.36319444444444443 0.84921875 0.36944444444444446 0.85078125 0.37083333333333335
0 0.85859375 0.34375 0.876171875 0.3451388888888889 0.88515625 0.3506944444444444 0.8953125 0.36944444444444446 0.898046875 0.36944444444444446 0.9015625 0.3625 0.90234375 0.35555555555555557 0.8875 0.33125 0.88046875 0.3277777777777778 0.866015625 0.3263888888888889 0.858984375 0.3298611111111111 0.857421875 0.3368055555555556 0.85703125 0.3416666666666667 0.85859375 0.34375
0 0.880078125 0.3277777777777778 0.892578125 0.3368055555555556 0.896875 0.3451388888888889 0.901171875 0.34791666666666665 0.904296875 0.3576388888888889 0.912109375 0.3451388888888889 0.912109375 0.3333333333333333 0.89921875 0.32013888888888886 0.88671875 0.31805555555555554 0.874609375 0.3236111111111111 0.876171875 0.3277777777777778 0.880078125 0.3277777777777778
0 0.876171875 0.31875 0.898828125 0.31875 0.904296875 0.3236111111111111 0.91015625 0.325 0.91171875 0.3284722222222222 0.9109375 0.33125 0.92109375 0.3277777777777778 0.91640625 0.31805555555555554 0.919921875 0.3104166666666667 0.9203125 0.30694444444444446 0.918359375 0.3055555555555556 0.9109375 0.3104166666666667 0.904296875 0.30277777777777776 0.885546875 0.30069444444444443 0.877734375 0.3034722222222222 0.875 0.30833333333333335 0.87421875 0.3138888888888889 0.876171875 0.31875
0 0.895703125 0.30069444444444443 0.921875 0.3013888888888889 0.936328125 0.28958333333333336 0.93515625 0.2826388888888889 0.923046875 0.2777777777777778 0.903125 0.27847222222222223 0.890234375 0.28541666666666665 0.890234375 0.2972222222222222 0.895703125 0.30069444444444443
0 0.9046875 0.275 0.9078125 0.2777777777777778 0.934375 0.2791666666666667 0.9375 0.27569444444444446 0.9359375 0.2652777777777778 0.931640625 0.2625 0.919921875 0.26180555555555557 0.90625 0.2659722222222222 0.9046875 0.26875 0.9046875 0.275
0 0.911328125 0.26180555555555557 0.92734375 0.2604166666666667 0.9359375 0.26319444444444445 0.94140625 0.25416666666666665 0.93359375 0.2465277777777778 0.9265625 0.24513888888888888 0.91328125 0.2513888888888889 0.91015625 0.25555555555555554 0.909765625 0.2590277777777778 0.911328125 0.26180555555555557
2 0.5714718750000001 0.37775000000000003 0.591727734375 0.3593881944444445 0.578190234375 0.3255173611111111 0.555427734375 0.3431659722222222 0.5714718750000001 0.37775000000000003
2 0.593532421875 0.3599236111111111 0.602858203125 0.35172291666666666 0.5863125 0.31838680555555554 0.5791929687499999 0.32409166666666667 0.593532421875 0.3599236111111111
2 0.605365234375 0.35047500000000004 0.62000546875 0.33639166666666664 0.603961328125 0.3051951388888889 0.589220703125 0.3171388888888889 0.605365234375 0.35047500000000004
2 0.62451796875 0.33567916666666664 0.635848828125 0.32284375 0.618501171875 0.29218125 0.60526484375 0.30376875000000003 0.62451796875 0.33567916666666664
2 0.6390578125 0.32391319444444444 0.652294140625 0.31089930555555556 0.6377542968750001 0.28184166666666666 0.6199050781250001 0.29075555555555554 0.6390578125 0.32391319444444444
2 0.6547007812500001 0.3092951388888889 0.66603203125 0.300025 0.6507898437499999 0.26918472222222223 0.6391582031249999 0.27774166666666666 0.6547007812500001 0.3092951388888889
2 0.6679371093750001 0.2987770833333333 0.6806722656249999 0.28986388888888887 0.659915234375 0.26062777777777774 0.6526953125 0.26651111111111114 0.6679371093750001 0.2987770833333333
2 0.6821765625 0.28825972222222224 0.69330703125 0.27756319444444444 0.677262890625 0.24850555555555556 0.6624218749999999 0.26009305555555556 0.6821765625 0.28825972222222224
2 0.695112109375 0.2757805555555556 0.70634296875 0.2670458333333333 0.68989765625 0.23531388888888888 0.678466015625 0.24387083333333331 0.695112109375 0.2757805555555556
2 0.690900390625 0.23014444444444446 0.70694453125 0.26597569444444447 0.717975 0.2584888888888889 0.700626953125 0.22372638888888888 0.690398828125 0.2292527777777778 0.690900390625 0.23014444444444446
2 0.7197796875 0.25331875 0.7290050781249999 0.24440555555555557 0.713863671875 0.2149916666666667 0.7027328125000001 0.22158750000000002 0.7197796875 0.25331875
2 0.731010546875 0.2436923611111111 0.737227734375 0.23780972222222224 0.71887734375 0.21285208333333333 0.715066796875 0.2155263888888889 0.731010546875 0.2436923611111111
2 0.7407375 0.23780972222222224 0.749762109375 0.2303222222222222 0.732715234375 0.20411666666666667 0.7212839843750001 0.2119611111111111 0.7407375 0.23780972222222224
2 0.7522691406249999 0.22818333333333335 0.7584863281249999 0.22087430555555557 0.73873203125 0.20144305555555553 0.736325390625 0.20286944444444444 0.7522691406249999 0.22818333333333335
2 0.760792578125 0.22123055555555557 0.7687144531250001 0.21463472222222224 0.75016328125 0.19359930555555557 0.7413390625 0.20037361111111113 0.760792578125 0.22123055555555557
2 0.77061953125 0.2119611111111111 0.780045703125 0.20465208333333335 0.762196484375 0.18165555555555557 0.7525699218749999 0.19128194444444446 0.77061953125 0.2119611111111111
2 0.8379050781249999 0.47031388888888886 0.858401171875 0.44497638888888885 0.8247382812499999 0.40033402777777777 0.803427734375 0.4220520833333333 0.8379050781249999 0.47031388888888886
2 0.8636949218750001 0.4396673611111111 0.87631875 0.4208451388888889 0.845234765625 0.3788569444444444 0.8285390625 0.3967138888888889 0.8636949218750001 0.4396673611111111
2 0.8769972656249999 0.42036250000000003 0.88717734375 0.4022645833333333 0.852021484375 0.36582638888888885 0.8453703125 0.37499652777777776 0.8769972656249999 0.42036250000000003
2 0.88934921875 0.39719652777777775 0.899665234375 0.3735486111111111 0.8604375 0.34410833333333335 0.848492578125 0.36293055555555553 0.88934921875 0.39719652777777775
2 0.8995296875 0.37089374999999997 0.90536640625 0.3537611111111111 0.869803125 0.32263194444444443 0.8554152343749999 0.33614513888888886 0.8995296875 0.37089374999999997
2 0.9069953125 0.3518305555555556 0.9154109375000001 0.3375930555555556 0.8725179687500001 0.31056666666666666 0.8677671874999999 0.3204604166666667 0.9069953125 0.3518305555555556
2 0.916632421875 0.33228402777777777 0.9249124999999999 0.3112902777777778 0.887448828125 0.2905375 0.873739453125 0.3054986111111111 0.916632421875 0.33228402777777777
2 0.927084375 0.3081534722222222 0.943101171875 0.29077916666666664 0.9046875 0.2731631944444445 0.888670703125 0.28812430555555557 0.927084375 0.3081534722222222
2 0.944187109375 0.2849875 0.9515167968749999 0.27219791666666665 0.912153125 0.25989097222222224 0.9048234374999999 0.26930208333333333 0.944187109375 0.2849875
2 0.950430859375 0.26785416666666667 0.9558605468750001 0.24420624999999999 0.921383203125 0.24082777777777775 0.908759765625 0.25530625 0.950430859375 0.26785416666666667