0 0.405859375 0.5451388888888888 0.415625 0.55625 0.419140625 0.5548611111111111 0.425 0.5472222222222223 0.432421875 0.5291666666666667 0.4234375 0.5243055555555556 0.421875 0.5180555555555556 0.42578125 0.5111111111111111 0.419921875 0.5013888888888889 0.411328125 0.49722222222222223 0.40078125 0.5041666666666667 0.38984375 0.53125 0.390234375 0.5430555555555555 0.405859375 0.5451388888888888
0 0.237890625 0.5590277777777778 0.248046875 0.5833333333333334 0.26015625 0.5854166666666667 0.2671875 0.5895833333333333 0.28203125 0.6006944444444444 0.286328125 0.6097222222222223 0.289453125 0.6118055555555556 0.302734375 0.6090277777777777 0.305078125 0.6055555555555555 0.30234375 0.5993055555555555 0.3015625 0.5895833333333333 0.308984375 0.5902777777777778 0.313671875 0.59375 0.31640625 0.5909722222222222 0.313671875 0.5722222222222222 0.305078125 0.5631944444444444 0.30078125 0.5527777777777778 0.28203125 0.5375 0.2765625 0.5347222222222222 0.265234375 0.5354166666666667 0.25859375 0.5319444444444444 0.24765625 0.5361111111111111 0.23515625 0.5465277777777777 0.235546875 0.5569444444444445 0.237890625 0.5590277777777778
0 0.285546875 0.48055555555555557 0.308984375 0.49166666666666664 0.315234375 0.4986111111111111 0.328125 0.4986111111111111 0.339453125 0.4875 0.338671875 0.4756944444444444 0.33671875 0.4708333333333333 0.325390625 0.4583333333333333 0.31796875 0.4534722222222222 0.29140625 0.45555555555555555 0.28515625 0.46041666666666664 0.2828125 0.46597222222222223 0.28203125 0.4736111111111111 0.285546875 0.48055555555555557
0 0.0703125 0.34930555555555554 0.076953125 0.3506944444444444 0.087890625 0.3597222222222222 0.10234375 0.3576388888888889 0.10546875 0.3527777777777778 0.10546875 0.34375 0.102734375 0.3326388888888889 0.09375 0.3236111111111111 0.083984375 0.3236111111111111 0.073828125 0.32916666666666666 0.069140625 0.3347222222222222 0.068359375 0.34444444444444444 0.0703125 0.34930555555555554
0 0.553125 0.3388888888888889 0.5640625 0.3590277777777778 0.58125 0.3611111111111111 0.58515625 0.3576388888888889 0.585546875 0.34375 0.578515625 0.3215277777777778 0.57109375 0.31527777777777777 0.55703125 0.3159722222222222 0.553515625 0.32013888888888886 0.55234375 0.32430555555555557 0.553125 0.3388888888888889
0 0.6296875 0.30416666666666664 0.64296875 0.3055555555555556 0.647265625 0.2965277777777778 0.645703125 0.2902777777777778 0.636328125 0.2743055555555556 0.622265625 0.27152777777777776 0.61953125 0.275 0.61953125 0.2916666666666667 0.6296875 0.30416666666666664
0 0.64765625 0.29444444444444445 0.65234375 0.2965277777777778 0.6578125 0.29583333333333334 0.659765625 0.29305555555555557 0.66015625 0.2826388888888889 0.654296875 0.26805555555555555 0.650390625 0.2652777777777778 0.639453125 0.26458333333333334 0.636328125 0.26875 0.636328125 0.27361111111111114 0.64765625 0.29444444444444445
0 0.66875 0.2701388888888889 0.678125 0.27361111111111114 0.68359375 0.2722222222222222 0.684765625 0.2604166666666667 0.68046875 0.24305555555555555 0.67421875 0.24027777777777778 0.66328125 0.24444444444444444 0.662890625 0.25972222222222224 0.66875 0.2701388888888889
0 0.67890625 0.24097222222222223 0.681640625 0.2465277777777778 0.685546875 0.2638888888888889 0.697265625 0.2590277777777778 0.698046875 0.2513888888888889 0.69453125 0.2388888888888889 0.68828125 0.2298611111111111 0.68046875 0.22916666666666666 0.674609375 0.23402777777777778 0.67421875 0.23819444444444443 0.67890625 0.24097222222222223
0 0.694921875 0.23958333333333334 0.699609375 0.2548611111111111 0.709375 0.25069444444444444 0.710546875 0.24166666666666667 0.70390625 0.2263888888888889 0.694140625 0.22083333333333333 0.687890625 0.22291666666666668 0.6859375 0.22777777777777777 0.694921875 0.23958333333333334
0 0.70703125 0.22916666666666666 0.712890625 0.24513888888888888 0.720703125 0.24861111111111112 0.725390625 0.24444444444444444 0.726171875 0.2361111111111111 0.719921875 0.21805555555555556 0.710546875 0.2125 0.701953125 0.21388888888888888 0.70078125 0.22013888888888888 0.70703125 0.22916666666666666
0 0.7265625 0.22430555555555556 0.741015625 0.23055555555555557 0.74375 0.2263888888888889 0.74453125 0.21319444444444444 0.73828125 0.1986111111111111 0.72578125 0.19583333333333333 0.71953125 0.20416666666666666 0.7203125 0.21666666666666667 0.7265625 0.22430555555555556
0 0.76796875 0.20625 0.773828125 0.20277777777777778 0.775 0.19375 0.7703125 0.18125 0.75859375 0.17569444444444443 0.748828125 0.17916666666666667 0.749609375 0.19444444444444445 0.76796875 0.20625
0 0.80546875 0.4284722222222222 0.8296875 0.45694444444444443 0.84609375 0.4625 0.856640625 0.4465277777777778 0.851953125 0.4326388888888889 0.8453125 0.4284722222222222 0.84375 0.425 0.84375 0.4152777777777778 0.834375 0.40555555555555556 0.827734375 0.40208333333333335 0.810546875 0.4041666666666667 0.805078125 0.4083333333333333 0.80390625 0.4166666666666667 0.803515625 0.425 0.80546875 0.4284722222222222
0 0.851171875 0.4222222222222222 0.86640625 0.4222222222222222 0.870703125 0.4152777777777778 0.86796875 0.3972222222222222 0.862890625 0.3902777777777778 0.85625 0.38958333333333334 0.8453125 0.38333333333333336 0.83515625 0.3861111111111111 0.83125 0.3923611111111111 0.831640625 0.4013888888888889 0.851171875 0.4222222222222222
0 0.84609375 0.3819444444444444 0.851953125 0.38263888888888886 0.866796875 0.3923611111111111 0.86953125 0.39791666666666664 0.869921875 0.4041666666666667 0.873046875 0.40902777777777777 0.878515625 0.4097222222222222 0.8828125 0.40069444444444446 0.8828125 0.39375 0.87421875 0.3763888888888889 0.853125 0.37083333333333335 0.8453125 0.3763888888888889 0.84453125 0.3798611111111111 0.84609375 0.3819444444444444
0 0.87109375 0.375 0.876171875 0.3784722222222222 0.878125 0.38680555555555557 0.886328125 0.39375 0.89375 0.3854166666666667 0.895703125 0.3763888888888889 0.895703125 0.3729166666666667 0.8875 0.35555555555555557 0.881640625 0.3486111111111111 0.855078125 0.3458333333333333 0.851171875 0.35138888888888886 0.84921875 0.37083333333333335 0.87109375 0.375
0 0.85859375 0.3451388888888889 0.876953125 0.3458333333333333 0.885546875 0.35138888888888886 0.889453125 0.36319444444444443 0.896875 0.37222222222222223 0.90078125 0.36875 0.90625 0.35625 0.907421875 0.3486111111111111 0.8984375 0.3423611111111111 0.897265625 0.33819444444444446 0.890625 0.33194444444444443 0.880859375 0.32708333333333334 0.86953125 0.325 0.858984375 0.3277777777777778 0.856640625 0.33611111111111114 0.85625 0.3423611111111111 0.85859375 0.3451388888888889
0 0.891796875 0.3333333333333333 0.897265625 0.3451388888888889 0.905078125 0.3458333333333333 0.9078125 0.3486111111111111 0.91171875 0.3458333333333333 0.9125 0.33194444444444443 0.901171875 0.32083333333333336 0.89296875 0.31805555555555554 0.875 0.32083333333333336 0.873828125 0.325 0.891796875 0.3333333333333333
0 0.8765625 0.31875 0.898828125 0.31805555555555554 0.902734375 0.32083333333333336 0.912109375 0.3194444444444444 0.914453125 0.3215277777777778 0.918359375 0.31875 0.920703125 0.30972222222222223 0.920703125 0.30694444444444446 0.91484375 0.30277777777777776 0.89375 0.30277777777777776 0.887890625 0.3 0.878125 0.30277777777777776 0.875 0.3076388888888889 0.87421875 0.3145833333333333 0.8765625 0.31875
0 0.893359375 0.30069444444444443 0.91953125 0.3 0.935546875 0.29097222222222224 0.93671875 0.2881944444444444 0.934375 0.28194444444444444 0.92265625 0.2777777777777778 0.901171875 0.2791666666666667 0.890234375 0.2861111111111111 0.88984375 0.2972222222222222 0.893359375 0.30069444444444443
0 0.90703125 0.2777777777777778 0.9203125 0.2763888888888889 0.9359375 0.2798611111111111 0.93828125 0.27291666666666664 0.937109375 0.26805555555555555 0.93203125 0.2625 0.92265625 0.2604166666666667 0.9078125 0.26458333333333334 0.9046875 0.26944444444444443 0.9046875 0.27569444444444446 0.90703125 0.2777777777777778
0 0.91328125 0.2625 0.9265625 0.2604166666666667 0.942578125 0.2659722222222222 0.948828125 0.25833333333333336 0.952734375 0.24791666666666667 0.950390625 0.24305555555555555 0.927734375 0.24375 0.91328125 0.2513888888888889 0.91015625 0.25625 0.91015625 0.25972222222222224 0.91328125 0.2625
0 0.8828125 0.8805555555555555 0.8927734375 0.8715277777777778 0.90703125 0.86875 0.926953125 0.8736111111111111 0.9390625 0.8729166666666667 0.930078125 0.85625 0.921875 0.8486111111111111 0.9015625 0.8416666666666667 0.891015625 0.84375 0.883203125 0.8555555555555555 0.88125 0.8645833333333334 0.88125 0.8770833333333333 0.8828125 0.8805555555555555
2 0.569121484375 0.38276388888888885 0.592342578125 0.36176041666666664 0.5754359375 0.3255486111111111 0.55343671875 0.33786041666666666 0.569121484375 0.38276388888888885
2 0.594379296875 0.35886388888888887 0.603953125 0.3508972222222222 0.58867578125 0.31866805555555555 0.5799171875 0.32518611111111106 0.594379296875 0.35886388888888887
2 0.6086378906250001 0.35017291666666667 0.622081640625 0.3353256944444445 0.6045640624999999 0.30707986111111113 0.5933609375 0.31685763888888885 0.6086378906250001 0.35017291666666667
2 0.624526171875 0.3356881944444445 0.635729296875 0.3226513888888889 0.619230078125 0.29368194444444445 0.6086378906250001 0.30707986111111113 0.624526171875 0.3356881944444445
2 0.639599609375 0.3230138888888889 0.653858203125 0.3110631944444444 0.6375625 0.27412708333333335 0.622081640625 0.2875256944444444 0.639599609375 0.3230138888888889
2 0.65467265625 0.30961527777777775 0.670357421875 0.29766527777777774 0.65121015625 0.2657979166666667 0.639803125 0.2726784722222222 0.65467265625 0.30961527777777775
2 0.6710175781250001 0.2960305555555556 0.679309765625 0.2867576388888889 0.6608527343749999 0.26250416666666665 0.653630078125 0.26678402777777777 0.6710175781250001 0.2960305555555556
2 0.68292109375 0.28509305555555553 0.6937546875 0.27700833333333336 0.6747625 0.24871319444444445 0.661788671875 0.25846180555555553 0.68292109375 0.28509305555555553
2 0.69629609375 0.27534444444444445 0.7064609374999999 0.26678402777777777 0.6901437500000001 0.23682430555555556 0.67944375 0.24467083333333334 0.69629609375 0.27534444444444445
2 0.69897109375 0.22612430555555557 0.6900097656249999 0.2332576388888889 0.706862109375 0.26202847222222225 0.714218359375 0.2556090277777778 0.69897109375 0.22612430555555557
2 0.70860078125 0.21613819444444443 0.700709765625 0.22184444444444446 0.718230859375 0.25346875 0.726121875 0.24562222222222224 0.70860078125 0.21613819444444443
2 0.720771875 0.21304722222222222 0.71261328125 0.2168513888888889 0.729599609375 0.2451465277777778 0.73695546875 0.2370625 0.720771875 0.21304722222222222
2 0.730134375 0.20282222222222224 0.721440625 0.20995555555555556 0.740165625 0.2370625 0.747387890625 0.2308798611111111 0.730134375 0.20282222222222224
2 0.7400320312499999 0.19996944444444445 0.732809375 0.20210902777777776 0.749126953125 0.22802708333333332 0.7567503906249999 0.22113124999999997 0.7400320312499999 0.19996944444444445
2 0.749260546875 0.19307361111111113 0.7423054687499999 0.19854236111111112 0.7594253906249999 0.22017986111111112 0.767450390625 0.21280902777777777 0.749260546875 0.19307361111111113
2 0.760896875 0.17785625 0.751133203125 0.19093402777777777 0.768787890625 0.21114444444444444 0.77801640625 0.20306041666666666 0.760896875 0.17785625
2 0.841868359375 0.4693041666666667 0.8584058593749999 0.4456208333333333 0.8247187500000001 0.4031548611111111 0.805272265625 0.4281993055555555 0.841868359375 0.4693041666666667
2 0.86162109375 0.44317083333333335 0.87540234375 0.42329930555555556 0.843552734375 0.3802888888888889 0.8293125 0.4026104166666667 0.86162109375 0.44317083333333335
2 0.8761679687499999 0.4186715277777777 0.888570703125 0.4077826388888889 0.852280859375 0.3688555555555556 0.846155859375 0.3764777777777778 0.8761679687499999 0.4186715277777777
2 0.889336328125 0.40288263888888887 0.896992578125 0.37729444444444443 0.86437734375 0.3451722222222222 0.8492183593749999 0.36341111111111113 0.889336328125 0.40288263888888887
2 0.898676953125 0.37293888888888893 0.906180078125 0.3617777777777778 0.87387109375 0.3231229166666667 0.8573339843750001 0.3400006944444444 0.898676953125 0.37293888888888893
2 0.907558203125 0.3576944444444445 0.9144484374999999 0.34136180555555556 0.8776992187499999 0.3119618055555556 0.87080859375 0.3212173611111111 0.907558203125 0.3576944444444445
2 0.9168984375000001 0.33646180555555555 0.9216453124999999 0.31795069444444446 0.890561328125 0.2961736111111111 0.87999609375 0.30923958333333335 0.9168984375000001 0.33646180555555555
2 0.9230234375 0.3095118055555556 0.9217984375 0.30080069444444446 0.9263921875 0.2948125 0.9345078125 0.2912736111111111 0.9394074218749999 0.28773472222222224 0.904036328125 0.2754847222222222 0.890561328125 0.2899125 0.9230234375 0.3095118055555556
2 0.937876171875 0.2850125 0.9352734375 0.28011250000000004 0.938794921875 0.2733069444444445 0.9436949218749999 0.2714013888888889 0.941704296875 0.26731805555555554 0.9115390624999999 0.26024027777777775 0.9043425781250001 0.27058472222222224 0.937876171875 0.2850125
2 0.9438480468750001 0.2643236111111111 0.9470636718750001 0.25969583333333335 0.949666796875 0.25098472222222223 0.950738671875 0.24336319444444443 0.9260859375000001 0.23900763888888887 0.909701953125 0.25506805555555556 0.9438480468750001 0.2643236111111111