0 0.209765625 0.5888888888888889 0.2171875 0.60625 0.222265625 0.6083333333333333 0.230078125 0.6069444444444444 0.241015625 0.6027777777777777 0.244140625 0.5986111111111111 0.244921875 0.5875 0.2375 0.5583333333333333 0.22890625 0.5555555555555556 0.221484375 0.5493055555555556 0.2203125 0.5430555555555555 0.206640625 0.5395833333333333 0.201953125 0.5402777777777777 0.1984375 0.55 0.19921875 0.5770833333333333 0.209765625 0.5888888888888889
0 0.19921875 0.43125 0.206640625 0.43333333333333335 0.21328125 0.4395833333333333 0.223828125 0.4361111111111111 0.23125 0.425 0.230078125 0.41944444444444445 0.223828125 0.4131944444444444 0.222265625 0.39791666666666664 0.217578125 0.39305555555555555 0.210546875 0.39444444444444443 0.202734375 0.4 0.2 0.4048611111111111 0.198046875 0.41458333333333336 0.19765625 0.4263888888888889 0.19921875 0.43125
0 0.133984375 0.38680555555555557 0.151171875 0.38125 0.153515625 0.3770833333333333 0.1515625 0.3645833333333333 0.140625 0.3527777777777778 0.121484375 0.35138888888888886 0.112890625 0.3548611111111111 0.11015625 0.3590277777777778 0.1109375 0.3729166666666667 0.133984375 0.38680555555555557
0 0.734765625 0.70625 0.740625 0.7131944444444445 0.744140625 0.7270833333333333 0.748046875 0.7319444444444444 0.762109375 0.7340277777777777 0.77734375 0.7444444444444445 0.7828125 0.7541666666666667 0.78515625 0.7493055555555556 0.7921875 0.7520833333333333 0.792578125 0.7631944444444444 0.796875 0.7583333333333333 0.797265625 0.7513888888888889 0.786328125 0.7131944444444445 0.783203125 0.7076388888888889 0.768359375 0.7076388888888889 0.761328125 0.7 0.748828125 0.6944444444444444 0.741015625 0.6951388888888889 0.73828125 0.6979166666666666 0.733984375 0.7027777777777777 0.734765625 0.70625
0 0.5640625 0.35833333333333334 0.58046875 0.3611111111111111 0.58515625 0.35833333333333334 0.5859375 0.3472222222222222 0.584765625 0.3388888888888889 0.583203125 0.33125 0.578515625 0.3215277777777778 0.571484375 0.3159722222222222 0.55703125 0.3159722222222222 0.553125 0.32013888888888886 0.553125 0.33958333333333335 0.5640625 0.35833333333333334
0 0.630078125 0.30416666666666664 0.644140625 0.30416666666666664 0.646875 0.2965277777777778 0.644140625 0.2875 0.637890625 0.2763888888888889 0.62265625 0.27152777777777776 0.619140625 0.2791666666666667 0.619921875 0.2923611111111111 0.630078125 0.30416666666666664
0 0.648046875 0.29444444444444445 0.6578125 0.29583333333333334 0.66015625 0.29305555555555557 0.660546875 0.2833333333333333 0.654296875 0.2673611111111111 0.63984375 0.26458333333333334 0.63671875 0.26805555555555555 0.636328125 0.27291666666666664 0.648046875 0.29444444444444445
0 0.66953125 0.2708333333333333 0.67890625 0.27361111111111114 0.684375 0.2708333333333333 0.684765625 0.25972222222222224 0.680078125 0.2423611111111111 0.6734375 0.24027777777777778 0.662890625 0.24513888888888888 0.662890625 0.2590277777777778 0.66953125 0.2708333333333333
0 0.68125 0.24375 0.685546875 0.2611111111111111 0.69140625 0.26180555555555557 0.697265625 0.25833333333333336 0.698046875 0.2513888888888889 0.69296875 0.2361111111111111 0.685546875 0.22777777777777777 0.67734375 0.23055555555555557 0.675 0.2375 0.68125 0.24375
0 0.69296875 0.23541666666666666 0.699609375 0.2534722222222222 0.70625 0.25416666666666665 0.709375 0.2513888888888889 0.710546875 0.24166666666666667 0.70390625 0.2263888888888889 0.692578125 0.22013888888888888 0.68671875 0.22430555555555556 0.6859375 0.22708333333333333 0.69296875 0.23541666666666666
0 0.705859375 0.22708333333333333 0.712890625 0.24444444444444444 0.7203125 0.24791666666666667 0.725 0.24513888888888888 0.725390625 0.2326388888888889 0.719140625 0.21597222222222223 0.710546875 0.2111111111111111 0.702734375 0.2111111111111111 0.699609375 0.21388888888888888 0.698828125 0.22013888888888888 0.705859375 0.22708333333333333
0 0.726171875 0.22569444444444445 0.73984375 0.23055555555555557 0.74375 0.22708333333333333 0.74453125 0.21388888888888888 0.7375 0.1986111111111111 0.726171875 0.19583333333333333 0.721875 0.1986111111111111 0.719140625 0.20416666666666666 0.719921875 0.21597222222222223 0.726171875 0.22569444444444445
0 0.749609375 0.19583333333333333 0.76875 0.20694444444444443 0.77421875 0.20347222222222222 0.775 0.19166666666666668 0.7703125 0.18055555555555555 0.759765625 0.17569444444444443 0.7484375 0.17847222222222223 0.748046875 0.19236111111111112 0.749609375 0.19583333333333333
2 0.841742578125 0.4687826388888889 0.857410546875 0.4415215277777778 0.8245742187499999 0.3976652777777778 0.803405859375 0.421075 0.841742578125 0.4687826388888889
0 0.8171875 0.44027777777777777 0.826171875 0.4465277777777778 0.826171875 0.4513888888888889 0.828515625 0.45625 0.8453125 0.46111111111111114 0.851953125 0.4548611111111111 0.855859375 0.4465277777777778 0.852734375 0.43333333333333335 0.848046875 0.42916666666666664 0.843359375 0.41458333333333336 0.83515625 0.40625 0.82421875 0.40694444444444444 0.815625 0.4041666666666667 0.80703125 0.40625 0.8046875 0.4111111111111111 0.805859375 0.42777777777777776 0.8171875 0.44027777777777777
0 0.851953125 0.4236111111111111 0.86640625 0.4222222222222222 0.8703125 0.41597222222222224 0.8703125 0.4097222222222222 0.867578125 0.4041666666666667 0.86640625 0.39444444444444443 0.8625 0.3909722222222222 0.841796875 0.3840277777777778 0.834765625 0.3861111111111111 0.830859375 0.39375 0.831640625 0.40208333333333335 0.851953125 0.4236111111111111
0 0.845703125 0.3819444444444444 0.85234375 0.38263888888888886 0.86640625 0.3923611111111111 0.86953125 0.4048611111111111 0.873046875 0.41180555555555554 0.878125 0.41041666666666665 0.8828125 0.40069444444444446 0.8828125 0.39375 0.87421875 0.3763888888888889 0.859375 0.3715277777777778 0.85078125 0.3715277777777778 0.844921875 0.3763888888888889 0.844140625 0.3798611111111111 0.845703125 0.3819444444444444
0 0.870703125 0.375 0.87578125 0.3784722222222222 0.878125 0.38680555555555557 0.882421875 0.38958333333333334 0.889453125 0.38958333333333334 0.894140625 0.3854166666666667 0.895703125 0.3715277777777778 0.8875 0.3548611111111111 0.88203125 0.3486111111111111 0.859375 0.3451388888888889 0.853125 0.3472222222222222 0.851171875 0.35208333333333336 0.84921875 0.37083333333333335 0.870703125 0.375
0 0.8765625 0.3451388888888889 0.884375 0.35 0.890625 0.35833333333333334 0.890234375 0.3625 0.89453125 0.36944444444444446 0.898046875 0.36944444444444446 0.9015625 0.35555555555555557 0.8921875 0.3347222222222222 0.88828125 0.33125 0.87109375 0.32569444444444445 0.862890625 0.3263888888888889 0.8578125 0.33125 0.857421875 0.34375 0.8765625 0.3451388888888889
0 0.8828125 0.3284722222222222 0.89140625 0.33402777777777776 0.897265625 0.3451388888888889 0.90234375 0.3451388888888889 0.9078125 0.34930555555555554 0.911328125 0.34444444444444444 0.911328125 0.3347222222222222 0.90703125 0.3277777777777778 0.8984375 0.32013888888888886 0.88984375 0.3173611111111111 0.8796875 0.3194444444444444 0.87421875 0.3236111111111111 0.876171875 0.3277777777777778 0.8828125 0.3284722222222222
0 0.876171875 0.31805555555555554 0.896484375 0.3173611111111111 0.9132765624999999 0.3361423611111111 0.9228570312500001 0.32562222222222226 0.905859375 0.3020833333333333 0.89375 0.30277777777777776 0.8875 0.29930555555555555 0.8765625 0.3034722222222222 0.875 0.30694444444444446 0.87421875 0.3145833333333333 0.876171875 0.31805555555555554
0 0.8921875 0.30069444444444443 0.915234375 0.3 0.921484375 0.30416666666666664 0.925 0.2986111111111111 0.93671875 0.28958333333333336 0.9359375 0.2826388888888889 0.925390625 0.27708333333333335 0.9 0.2791666666666667 0.891796875 0.2833333333333333 0.88984375 0.28680555555555554 0.88984375 0.29791666666666666 0.8921875 0.30069444444444443
0 0.906640625 0.2777777777777778 0.92578125 0.2763888888888889 0.935546875 0.2798611111111111 0.9375 0.27361111111111114 0.9375 0.26944444444444443 0.93515625 0.2652777777777778 0.9265625 0.2611111111111111 0.9109375 0.2638888888888889 0.9046875 0.26875 0.904296875 0.27569444444444446 0.906640625 0.2777777777777778
0 0.912890625 0.26319444444444445 0.923828125 0.2611111111111111 0.9375 0.2659722222222222 0.942578125 0.2652777777777778 0.9515625 0.2513888888888889 0.94921875 0.24375 0.928125 0.24375 0.910546875 0.2548611111111111 0.909765625 0.25833333333333336 0.912890625 0.26319444444444445
0 0.85625 0.12708333333333333 0.8625 0.12986111111111112 0.869140625 0.12777777777777777 0.8734375 0.12013888888888889 0.8765625 0.09513888888888888 0.874609375 0.09166666666666666 0.870703125 0.09166666666666666 0.859375 0.10138888888888889 0.855859375 0.10833333333333334 0.8546875 0.11597222222222223 0.8546875 0.12361111111111112 0.85625 0.12708333333333333
0 0.903125 0.10972222222222222 0.9109375 0.10694444444444444 0.913671875 0.09930555555555555 0.9125 0.09166666666666666 0.90859375 0.08958333333333333 0.90390625 0.09236111111111112 0.90234375 0.09722222222222222 0.9015625 0.10694444444444444 0.903125 0.10972222222222222
2 0.5720515625 0.3784041666666667 0.59138671875 0.36092152777777775 0.579385546875 0.32891875 0.5538832031250001 0.34166041666666663 0.5720515625 0.3784041666666667
2 0.594887109375 0.3621069444444444 0.607221484375 0.35055 0.58871953125 0.3218069444444444 0.5810523437499999 0.3280298611111111 0.594887109375 0.3621069444444444
2 0.609555078125 0.3478833333333333 0.621889453125 0.3351409722222222 0.6070546875 0.30699027777777776 0.591553125 0.3182506944444444 0.609555078125 0.3478833333333333
2 0.62555625 0.33691944444444444 0.63822421875 0.32506666666666667 0.62072265625 0.29395208333333334 0.60938828125 0.30402708333333334 0.62555625 0.33691944444444444
2 0.640391015625 0.32328819444444445 0.653058984375 0.3126208333333333 0.637390625 0.27884027777777776 0.621889453125 0.2895076388888889 0.640391015625 0.32328819444444445
2 0.656392578125 0.3090645833333333 0.670060546875 0.29898958333333336 0.6533921874999999 0.2675798611111111 0.6398910156250001 0.27558055555555555 0.656392578125 0.3090645833333333
2 0.6708937500000001 0.29573055555555555 0.681228125 0.2892111111111111 0.6632265625 0.26224583333333334 0.656058984375 0.26846875000000003 0.6708937500000001 0.29573055555555555
2 0.682561328125 0.2880256944444444 0.693895703125 0.27854375 0.67839453125 0.24950416666666667 0.664559765625 0.25809722222222226 0.682561328125 0.2880256944444444
2 0.6878953125 0.23676180555555557 0.67839453125 0.24328125 0.696062890625 0.2749875 0.705063671875 0.26639444444444443 0.6878953125 0.23676180555555557
2 0.6997296875 0.22520555555555555 0.690062109375 0.2335027777777778 0.70723046875 0.2649125 0.71806484375 0.2542451388888889 0.6997296875 0.22520555555555555
2 0.7130640625 0.21453750000000002 0.7030632812500001 0.2225388888888889 0.721231640625 0.2542451388888889 0.7290656249999999 0.24713333333333334 0.7130640625 0.21453750000000002
2 0.719731640625 0.2097965277777778 0.71489765625 0.2136486111111111 0.7308992187500001 0.24654097222222224 0.7384000000000001 0.239725 0.719731640625 0.2097965277777778
2 0.730232421875 0.19972152777777777 0.721231640625 0.20831527777777778 0.7409 0.23587291666666665 0.749734375 0.23053958333333333 0.730232421875 0.19972152777777777
2 0.739233203125 0.19586944444444446 0.733566015625 0.1985361111111111 0.751067578125 0.22787222222222223 0.75873515625 0.2225388888888889 0.739233203125 0.19586944444444446
2 0.748067578125 0.19083194444444446 0.741566796875 0.19498055555555555 0.76073515625 0.219575 0.768569140625 0.2136486111111111 0.748067578125 0.19083194444444446
2 0.7579015625000001 0.18016458333333335 0.750234375 0.1881652777777778 0.77206953125 0.21216736111111112 0.7787367187500001 0.20535208333333332 0.7579015625000001 0.18016458333333335
2 0.828074609375 0.3997395833333333 0.8625777343750001 0.4415215277777778 0.878579296875 0.4172229166666667 0.8447425781250001 0.37870069444444443 0.8279078125 0.39707291666666666 0.828074609375 0.3997395833333333
2 0.88124609375 0.4163340277777777 0.89308046875 0.4041847222222222 0.85241015625 0.3680333333333333 0.8447425781250001 0.37692291666666666 0.88124609375 0.4163340277777777
2 0.8932472656250001 0.3997395833333333 0.9007476562500001 0.3748486111111111 0.8634109375 0.34343819444444446 0.849409765625 0.36418125 0.8932472656250001 0.3997395833333333
2 0.902248046875 0.3733666666666667 0.90641484375 0.3564763888888889 0.8699117187500001 0.3212138888888889 0.85574375 0.3386972222222222 0.902248046875 0.3733666666666667
2 0.9087484375000001 0.35440208333333334 0.9139156249999999 0.3378083333333333 0.8742453125 0.30995416666666664 0.8662445312499999 0.31854722222222226 0.9087484375000001 0.35440208333333334
2 0.91674921875 0.3381048611111111 0.9287503906250001 0.32358472222222223 0.88791328125 0.2951375 0.8769125000000001 0.30669444444444444 0.91674921875 0.3381048611111111
2 0.9294171875 0.31884375 0.9392511718750001 0.29484166666666667 0.9055816406250001 0.27469166666666667 0.888580078125 0.29247083333333335 0.9294171875 0.31884375
2 0.9415847656249999 0.2892111111111111 0.945918359375 0.2711354166666667 0.9114156250000001 0.2610604166666667 0.90358125 0.27232083333333335 0.9415847656249999 0.2892111111111111
2 0.94691875 0.26698680555555554 0.957252734375 0.25128194444444446 0.9257500000000001 0.23824375000000003 0.9097484375 0.25602291666666666 0.94691875 0.26698680555555554