0 0.167578125 0.5409722222222222 0.18203125 0.5493055555555556 0.192578125 0.5645833333333333 0.209375 0.5618055555555556 0.21640625 0.55 0.215234375 0.5326388888888889 0.20546875 0.5152777777777777 0.192578125 0.5013888888888889 0.18203125 0.4965277777777778 0.17734375 0.4979166666666667 0.169140625 0.5027777777777778 0.165625 0.5138888888888888 0.16484375 0.5291666666666667 0.167578125 0.5409722222222222
0 0.158203125 0.4041666666666667 0.1765625 0.4152777777777778 0.187890625 0.4166666666666667 0.199609375 0.41041666666666665 0.201953125 0.40625 0.19921875 0.39305555555555555 0.18203125 0.38125 0.16640625 0.37916666666666665 0.158203125 0.38263888888888886 0.155078125 0.3875 0.1546875 0.39444444444444443 0.158203125 0.4041666666666667
0 0.247265625 0.46041666666666664 0.25859375 0.4638888888888889 0.266796875 0.47152777777777777 0.277734375 0.46319444444444446 0.2828125 0.4527777777777778 0.28203125 0.44930555555555557 0.274609375 0.4444444444444444 0.2734375 0.43680555555555556 0.275390625 0.43194444444444446 0.269140625 0.4236111111111111 0.2609375 0.4236111111111111 0.253515625 0.4284722222222222 0.246875 0.44305555555555554 0.245703125 0.45625 0.247265625 0.46041666666666664
0 0.480859375 0.7222222222222222 0.49375 0.7215277777777778 0.49765625 0.7173611111111111 0.511328125 0.7145833333333333 0.53359375 0.7006944444444444 0.544921875 0.6993055555555555 0.548828125 0.6958333333333333 0.544921875 0.6895833333333333 0.529296875 0.6784722222222223 0.516015625 0.6736111111111112 0.508984375 0.6784722222222223 0.504296875 0.6784722222222223 0.489453125 0.6708333333333333 0.484375 0.6736111111111112 0.4734375 0.6895833333333333 0.473046875 0.7118055555555556 0.480859375 0.7222222222222222
0 0.55625 0.3423611111111111 0.5640625 0.35833333333333334 0.5796875 0.3611111111111111 0.58515625 0.35833333333333334 0.5859375 0.3472222222222222 0.584765625 0.3388888888888889 0.57890625 0.32222222222222224 0.571484375 0.3159722222222222 0.556640625 0.3159722222222222 0.553125 0.32013888888888886 0.553125 0.33958333333333335 0.55625 0.3423611111111111
0 0.6296875 0.30416666666666664 0.643359375 0.3055555555555556 0.647265625 0.2972222222222222 0.644921875 0.2861111111111111 0.6375 0.2743055555555556 0.622265625 0.27152777777777776 0.61953125 0.27569444444444446 0.61953125 0.2916666666666667 0.6296875 0.30416666666666664
0 0.648046875 0.29444444444444445 0.6578125 0.29583333333333334 0.659765625 0.29375 0.660546875 0.28402777777777777 0.65390625 0.2673611111111111 0.64609375 0.26458333333333334 0.637890625 0.2659722222222222 0.636328125 0.27291666666666664 0.648046875 0.29444444444444445
0 0.669921875 0.27152777777777776 0.682421875 0.27361111111111114 0.684375 0.2708333333333333 0.684375 0.25833333333333336 0.679296875 0.24166666666666667 0.669140625 0.24166666666666667 0.6625 0.2465277777777778 0.66328125 0.2611111111111111 0.669921875 0.27152777777777776
0 0.68125 0.24444444444444444 0.685546875 0.26180555555555557 0.6921875 0.26180555555555557 0.697265625 0.25833333333333336 0.698046875 0.2513888888888889 0.692578125 0.2361111111111111 0.685546875 0.22777777777777777 0.676953125 0.23055555555555557 0.675 0.2375 0.68125 0.24444444444444444
0 0.69609375 0.24166666666666667 0.699609375 0.2534722222222222 0.705078125 0.25416666666666665 0.709765625 0.25069444444444444 0.710546875 0.24097222222222223 0.703515625 0.22569444444444445 0.69453125 0.21944444444444444 0.6890625 0.22013888888888888 0.686328125 0.225 0.68671875 0.22847222222222222 0.69609375 0.24166666666666667
0 0.704296875 0.225 0.712890625 0.24444444444444444 0.7203125 0.24861111111111112 0.724609375 0.2465277777777778 0.726171875 0.23541666666666666 0.719140625 0.2152777777777778 0.70859375 0.21041666666666667 0.703125 0.2111111111111111 0.7 0.21458333333333332 0.699609375 0.21944444444444444 0.704296875 0.225
0 0.726953125 0.225 0.741015625 0.2298611111111111 0.743359375 0.2263888888888889 0.744140625 0.21388888888888888 0.737890625 0.19930555555555557 0.726953125 0.19583333333333333 0.71953125 0.20347222222222222 0.720703125 0.21666666666666667 0.726953125 0.225
0 0.76640625 0.2048611111111111 0.773828125 0.20277777777777778 0.774609375 0.19236111111111112 0.769140625 0.1798611111111111 0.75859375 0.17569444444444443 0.748828125 0.17847222222222223 0.74921875 0.19444444444444445 0.76640625 0.2048611111111111
0 0.818359375 0.4409722222222222 0.82734375 0.45625 0.845703125 0.4618055555555556 0.85234375 0.4548611111111111 0.856640625 0.44583333333333336 0.856640625 0.44166666666666665 0.8515625 0.43125 0.844140625 0.4270833333333333 0.843359375 0.4152777777777778 0.83515625 0.40625 0.81640625 0.40347222222222223 0.806640625 0.40625 0.804296875 0.4111111111111111 0.8046875 0.4284722222222222 0.818359375 0.4409722222222222
0 0.831640625 0.40208333333333335 0.851171875 0.42291666666666666 0.86640625 0.4222222222222222 0.870703125 0.41458333333333336 0.866796875 0.39444444444444443 0.86328125 0.3909722222222222 0.851953125 0.38819444444444445 0.845703125 0.38333333333333336 0.834765625 0.3854166666666667 0.83125 0.3902777777777778 0.83046875 0.3972222222222222 0.831640625 0.40208333333333335
0 0.85234375 0.38263888888888886 0.866796875 0.39305555555555555 0.869140625 0.4041666666666667 0.873046875 0.4125 0.880078125 0.4083333333333333 0.8828125 0.40069444444444446 0.8828125 0.39375 0.876953125 0.3798611111111111 0.873828125 0.3763888888888889 0.85234375 0.3715277777777778 0.847265625 0.3736111111111111 0.84453125 0.37777777777777777 0.8453125 0.3819444444444444 0.85234375 0.38263888888888886
0 0.869140625 0.3736111111111111 0.87578125 0.3784722222222222 0.878125 0.38680555555555557 0.88046875 0.3888888888888889 0.8890625 0.38958333333333334 0.89375 0.38680555555555557 0.895703125 0.37222222222222223 0.884375 0.3506944444444444 0.87734375 0.34652777777777777 0.85703125 0.3451388888888889 0.85234375 0.34791666666666665 0.851171875 0.35208333333333336 0.84921875 0.37083333333333335 0.869140625 0.3736111111111111
0 0.8765625 0.3451388888888889 0.88515625 0.3506944444444444 0.894140625 0.36944444444444446 0.89765625 0.3701388888888889 0.901171875 0.3625 0.9015625 0.35555555555555557 0.8890625 0.33194444444444443 0.8703125 0.32569444444444445 0.86328125 0.3263888888888889 0.8578125 0.33125 0.857421875 0.34375 0.8765625 0.3451388888888889
0 0.87578125 0.3277777777777778 0.891796875 0.33541666666666664 0.904296875 0.3597222222222222 0.9078125 0.35625 0.9125 0.34444444444444444 0.912890625 0.3347222222222222 0.901953125 0.32222222222222224 0.89140625 0.31805555555555554 0.878515625 0.32083333333333336 0.874609375 0.32430555555555557 0.87578125 0.3277777777777778
0 0.8765625 0.3194444444444444 0.897265625 0.32013888888888886 0.914453125 0.3347222222222222 0.91953125 0.3298611111111111 0.921484375 0.32430555555555557 0.919140625 0.31319444444444444 0.9203125 0.30694444444444446 0.915234375 0.30277777777777776 0.89609375 0.30277777777777776 0.886328125 0.3 0.877734375 0.3034722222222222 0.874609375 0.30972222222222223 0.874609375 0.3173611111111111 0.8765625 0.3194444444444444
0 0.892578125 0.3 0.919921875 0.3 0.935546875 0.2916666666666667 0.937109375 0.2881944444444444 0.934765625 0.28125 0.92265625 0.27708333333333335 0.904296875 0.2777777777777778 0.890234375 0.2861111111111111 0.890234375 0.2972222222222222 0.892578125 0.3
0 0.906640625 0.2777777777777778 0.9213542968749999 0.2763888888888889 0.9359375 0.2791666666666667 0.93828125 0.27361111111111114 0.934765625 0.26458333333333334 0.92578125 0.2604166666666667 0.911328125 0.2625 0.9046875 0.26875 0.904296875 0.27569444444444446 0.906640625 0.2777777777777778
0 0.9140625 0.26319444444444445 0.9265625 0.2604166666666667 0.93515625 0.2652777777777778 0.942578125 0.2659722222222222 0.9515625 0.2513888888888889 0.949609375 0.24375 0.927734375 0.24375 0.913671875 0.2513888888888889 0.910546875 0.25555555555555554 0.910546875 0.2604166666666667 0.9140625 0.26319444444444445
0 0.85625 0.12708333333333333 0.862890625 0.12916666666666668 0.86953125 0.12708333333333333 0.8734375 0.12013888888888889 0.874609375 0.09861111111111111 0.8703125 0.09583333333333334 0.8640625 0.09791666666666667 0.857421875 0.10625 0.85546875 0.11388888888888889 0.8546875 0.12291666666666666 0.85625 0.12708333333333333
0 0.878515625 0.10555555555555556 0.888671875 0.10277777777777777 0.89296875 0.09166666666666666 0.890625 0.0875 0.8828125 0.08472222222222223 0.8796875 0.08541666666666667 0.873828125 0.09236111111111112 0.876171875 0.10555555555555556 0.878515625 0.10555555555555556
0 0.91015625 0.09652777777777778 0.915625 0.09652777777777778 0.919921875 0.08819444444444445 0.918359375 0.08125 0.915625 0.07847222222222222 0.912890625 0.0798611111111111 0.909765625 0.0875 0.908984375 0.09513888888888888 0.91015625 0.09652777777777778
0 0.921875 0.8784722222222222 0.930078125 0.875 0.953515625 0.8840277777777777 0.960546875 0.88125 0.963671875 0.8763888888888889 0.96328125 0.8701388888888889 0.9609375 0.8659722222222223 0.946484375 0.8513888888888889 0.92890625 0.8534722222222222 0.92421875 0.8569444444444444 0.9203125 0.8666666666666667 0.919921875 0.8736111111111111 0.921875 0.8784722222222222
2 0.56886484375 0.38205833333333333 0.589828125 0.36624027777777773 0.5803269531249999 0.32816805555555556 0.5551410156250001 0.3445229166666667 0.56886484375 0.38205833333333333
2 0.5917886718750001 0.3622180555555556 0.606568359375 0.3488125 0.588923046875 0.32307430555555555 0.581834765625 0.3284361111111111 0.5917886718750001 0.3622180555555556
2 0.607925390625 0.3477402777777778 0.62134765625 0.33594305555555554 0.6055125 0.3091319444444444 0.591939453125 0.3214652777777778 0.607925390625 0.3477402777777778
2 0.6243640625 0.33594305555555554 0.637635546875 0.3262916666666667 0.62044296875 0.2951902777777778 0.607925390625 0.30725555555555556 0.6243640625 0.33594305555555554
2 0.6397468749999999 0.32253750000000003 0.653470703125 0.31208125 0.637786328125 0.2799083333333333 0.622705078125 0.29197291666666664 0.6397468749999999 0.32253750000000003
2 0.651359375 0.2691840277777778 0.642008984375 0.27374166666666666 0.657241015625 0.3102048611111111 0.6702109375 0.29894375 0.651359375 0.2691840277777778
2 0.660408203125 0.26248125 0.652867578125 0.2665027777777778 0.671417578125 0.2943861111111111 0.679410546875 0.2879513888888889 0.660408203125 0.26248125
2 0.6777515625 0.24773472222222223 0.6626703125 0.2565826388888889 0.681974609375 0.28607499999999997 0.69253125 0.27803125 0.6777515625 0.24773472222222223
2 0.689816796875 0.2348652777777778 0.679712109375 0.24317708333333335 0.694793359375 0.2766909722222222 0.705802734375 0.2670388888888889 0.689816796875 0.2348652777777778
2 0.7003734374999999 0.22306874999999998 0.691325 0.23030763888888886 0.7076125 0.2651618055555556 0.71877265625 0.25604652777777775 0.7003734374999999 0.22306874999999998
2 0.713946875 0.21180763888888887 0.704294921875 0.2214597222222222 0.720883984375 0.25416944444444445 0.728575390625 0.24907569444444444 0.713946875 0.21180763888888887
2 0.719376171875 0.20859027777777778 0.715605859375 0.21073541666666668 0.7287265625 0.2461263888888889 0.7309886718749999 0.24424930555555555 0.738227734375 0.23915555555555557 0.719376171875 0.20859027777777778
2 0.7308378906249999 0.1973298611111111 0.7217890625 0.20483680555555553 0.739433984375 0.2375465277777778 0.7410929687500001 0.23647430555555557 0.748784375 0.23057569444444445 0.7308378906249999 0.1973298611111111
2 0.750959840625 0.22944171111111114 0.758134765625 0.22253263888888888 0.739886328125 0.19518472222222222 0.735060546875 0.19786597222222224 0.750959840625 0.22944171111111114
2 0.746974609375 0.18928680555555555 0.742148828125 0.19438055555555556 0.76024609375 0.2214597222222222 0.760698828125 0.21958333333333332 0.768239453125 0.21422083333333333 0.746974609375 0.18928680555555555
2 0.7641671875 0.17829375 0.7498402343749999 0.18499652777777775 0.7697472656250001 0.21261249999999998 0.7706523437499999 0.21153958333333334 0.77939921875 0.2040326388888889 0.7641671875 0.17829375
2 0.8424261718749999 0.4685243055555555 0.8565511718750001 0.4410527777777778 0.821178515625 0.40392222222222224 0.8046390625000001 0.4247409722222222 0.8424261718749999 0.4685243055555555
2 0.86186328125 0.4397645833333333 0.8767125 0.41808750000000006 0.8452031249999999 0.3794555555555556 0.826852734375 0.3994152777777778 0.86186328125 0.4397645833333333
2 0.879368359375 0.41722916666666665 0.88854375 0.3994152777777778 0.853291796875 0.3665777777777777 0.845806640625 0.3773090277777778 0.879368359375 0.41722916666666665
2 0.8895093749999999 0.39769861111111116 0.8969945312500001 0.3775236111111111 0.86234609375 0.3451152777777778 0.85099765625 0.3616416666666667 0.8895093749999999 0.39769861111111116
2 0.8979601562499999 0.3740895833333333 0.9064109374999999 0.35649027777777775 0.868382421875 0.3212923611111111 0.8565511718750001 0.3388916666666667 0.8979601562499999 0.3740895833333333
2 0.90930859375 0.35498819444444446 0.913533984375 0.34275486111111114 0.874298046875 0.31141944444444447 0.868623828125 0.3185020833333333 0.90930859375 0.35498819444444446
2 0.91522421875 0.33867708333333335 0.92391640625 0.32193611111111115 0.8886644531250001 0.29489375 0.8768332031250001 0.3086291666666667 0.91522421875 0.33867708333333335
2 0.9245199218750001 0.3152826388888889 0.935626953125 0.29167430555555557 0.9037550781249999 0.27171388888888887 0.890112890625 0.29017152777777777 0.9245199218750001 0.3152826388888889
2 0.938886328125 0.2895277777777778 0.944801953125 0.27600625 0.912688671875 0.2596951388888889 0.90568671875 0.2695680555555556 0.938886328125 0.2895277777777778
2 0.9429910156249999 0.27235763888888886 0.9524078125000001 0.2483201388888889 0.9265722656250001 0.2347986111111111 0.911964453125 0.2562611111111111 0.9429910156249999 0.27235763888888886