0 0.216796875 0.64375 0.21796875 0.6826388888888889 0.21953125 0.6895833333333333 0.226171875 0.6916666666666667 0.248046875 0.6888888888888889 0.250390625 0.6826388888888889 0.251171875 0.6736111111111112 0.25 0.6534722222222222 0.252734375 0.64375 0.24765625 0.6131944444444445 0.24140625 0.6055555555555555 0.22734375 0.6076388888888888 0.21953125 0.6263888888888889 0.21875 0.6381944444444444 0.216796875 0.64375
0 0.13125 0.3861111111111111 0.133203125 0.38958333333333334 0.144140625 0.3958333333333333 0.155078125 0.39444444444444443 0.16171875 0.38333333333333336 0.16015625 0.37569444444444444 0.15546875 0.3715277777777778 0.154296875 0.3590277777777778 0.149609375 0.35347222222222224 0.136328125 0.3576388888888889 0.131640625 0.3701388888888889 0.13046875 0.3763888888888889 0.13125 0.3861111111111111
0 0.064453125 0.3902777777777778 0.080859375 0.39791666666666664 0.095703125 0.39861111111111114 0.09921875 0.39444444444444443 0.098046875 0.3798611111111111 0.08359375 0.3611111111111111 0.0703125 0.3590277777777778 0.05859375 0.3638888888888889 0.05859375 0.3819444444444444 0.064453125 0.3902777777777778
0 0.05 0.33194444444444443 0.054296875 0.3368055555555556 0.068359375 0.34375 0.075 0.34444444444444444 0.08671875 0.33958333333333335 0.0890625 0.33611111111111114 0.08828125 0.32569444444444445 0.076953125 0.31180555555555556 0.06796875 0.3104166666666667 0.04921875 0.3173611111111111 0.04765625 0.3215277777777778 0.05 0.33194444444444443
0 0.758984375 0.17569444444444443 0.769140625 0.18055555555555555 0.774609375 0.18958333333333333 0.77578125 0.19583333333333333 0.774609375 0.20277777777777778 0.7703125 0.20625 0.7609375 0.20347222222222222 0.748828125 0.19236111111111112 0.74921875 0.17847222222222223 0.75859375 0.17569444444444443
0 0.891796875 0.30069444444444443 0.91484375 0.3 0.921484375 0.30694444444444446 0.921484375 0.3125 0.919140625 0.3173611111111111 0.92109375 0.3277777777777778 0.915234375 0.3333333333333333 0.898046875 0.31875 0.87578125 0.31875 0.874609375 0.3104166666666667 0.876953125 0.3034722222222222 0.88359375 0.3 0.89140625 0.30069444444444443
0 0.076171875 0.31180555555555556 0.08828125 0.32569444444444445 0.0890625 0.33611111111111114 0.08671875 0.33958333333333335 0.074609375 0.34375 0.053515625 0.33611111111111114 0.05 0.3326388888888889 0.0484375 0.32083333333333336 0.050390625 0.31666666666666665 0.05625 0.3138888888888889 0.07578125 0.31180555555555556
0 0.701171875 0.22291666666666668 0.711328125 0.23819444444444443 0.7109375 0.24861111111111112 0.70703125 0.25277777777777777 0.7 0.25277777777777777 0.6953125 0.24027777777777778 0.687109375 0.22708333333333333 0.688671875 0.2222222222222222 0.70078125 0.22291666666666668
0 0.953125 0.22013888888888888 0.96640625 0.22361111111111112 0.963671875 0.23402777777777778 0.9515625 0.24097222222222223 0.936328125 0.24305555555555555 0.930078125 0.24097222222222223 0.93203125 0.23055555555555557 0.93984375 0.22361111111111112 0.952734375 0.22013888888888888
0 0.866015625 0.8166666666666667 0.88359375 0.8236111111111111 0.907421875 0.8444444444444444 0.921875 0.8513888888888889 0.928125 0.8659722222222223 0.92734375 0.8756944444444444 0.9234375 0.8784722222222222 0.896875 0.8763888888888889 0.863671875 0.8590277777777777 0.858203125 0.8381944444444445 0.8578125 0.8236111111111111 0.859375 0.8159722222222222 0.865625 0.8166666666666667
0 0.627734375 0.27291666666666664 0.63671875 0.275 0.64140625 0.2798611111111111 0.646875 0.2965277777777778 0.64375 0.30486111111111114 0.641015625 0.30625 0.6296875 0.30486111111111114 0.61953125 0.2916666666666667 0.619921875 0.2743055555555556 0.622265625 0.27152777777777776 0.62734375 0.27291666666666664
0 0.6515625 0.2652777777777778 0.655078125 0.26875 0.6609375 0.2847222222222222 0.66015625 0.29305555555555557 0.65546875 0.2965277777777778 0.647265625 0.29375 0.6421875 0.28055555555555556 0.636328125 0.27291666666666664 0.63671875 0.2673611111111111 0.639453125 0.26458333333333334 0.651171875 0.2652777777777778
0 0.875 0.3451388888888889 0.884765625 0.35208333333333336 0.895703125 0.3729166666666667 0.8921875 0.3854166666666667 0.88359375 0.3902777777777778 0.87265625 0.375 0.851953125 0.3701388888888889 0.850390625 0.36736111111111114 0.852734375 0.3472222222222222 0.858984375 0.34444444444444444 0.874609375 0.3451388888888889
0 0.092578125 0.14305555555555555 0.09609375 0.15208333333333332 0.09609375 0.16111111111111112 0.09375 0.16527777777777777 0.0859375 0.1673611111111111 0.08125 0.16111111111111112 0.082421875 0.14930555555555555 0.085546875 0.14305555555555555 0.0921875 0.14305555555555555
0 0.89453125 0.1076388888888889 0.898046875 0.11180555555555556 0.8984375 0.12083333333333333 0.896875 0.125 0.891015625 0.12777777777777777 0.8859375 0.12638888888888888 0.88515625 0.11875 0.8890625 0.10902777777777778 0.894140625 0.1076388888888889
0 0.8921875 0.3173611111111111 0.901953125 0.31875 0.914453125 0.33055555555555555 0.917578125 0.3277777777777778 0.916796875 0.32430555555555557 0.91875 0.32430555555555557 0.918359375 0.33125 0.913671875 0.3368055555555556 0.911328125 0.3472222222222222 0.904296875 0.3611111111111111 0.890625 0.33541666666666664 0.883984375 0.32916666666666666 0.8703125 0.32430555555555557 0.883203125 0.3173611111111111 0.891796875 0.3173611111111111
0 0.0828125 0.3611111111111111 0.098046875 0.3798611111111111 0.09921875 0.3951388888888889 0.096484375 0.39861111111111114 0.080859375 0.39791666666666664 0.064453125 0.38958333333333334 0.059765625 0.3840277777777778 0.05703125 0.36944444444444446 0.06015625 0.3625 0.069921875 0.3590277777777778 0.082421875 0.3611111111111111
0 0.24453125 0.6083333333333333 0.24921875 0.61875 0.251953125 0.64375 0.25 0.6527777777777778 0.25 0.6833333333333333 0.2453125 0.6902777777777778 0.224609375 0.6909722222222222 0.219921875 0.6902777777777778 0.21796875 0.6833333333333333 0.217578125 0.6451388888888889 0.2203125 0.6229166666666667 0.227734375 0.6069444444444444 0.238671875 0.6055555555555555 0.244140625 0.6083333333333333
0 0.6859375 0.22777777777777777 0.6921875 0.23402777777777778 0.69921875 0.2513888888888889 0.698046875 0.25833333333333336 0.693359375 0.26180555555555557 0.685546875 0.2611111111111111 0.68046875 0.24305555555555555 0.674609375 0.23819444444444443 0.677734375 0.22916666666666666 0.685546875 0.22777777777777777
0 0.91015625 0.27847222222222223 0.917578125 0.2791666666666667 0.91875 0.2833333333333333 0.930078125 0.29305555555555557 0.918359375 0.3 0.911328125 0.29791666666666666 0.896875 0.3013888888888889 0.890234375 0.29791666666666666 0.890234375 0.28541666666666665 0.89765625 0.28055555555555556 0.909765625 0.27847222222222223
0 0.57109375 0.3159722222222222 0.578125 0.3215277777777778 0.584765625 0.34097222222222223 0.585546875 0.35625 0.581640625 0.3611111111111111 0.565234375 0.3590277777777778 0.553515625 0.3388888888888889 0.552734375 0.32569444444444445 0.5546875 0.3173611111111111 0.570703125 0.3159722222222222
0 0.916796875 0.29930555555555555 0.922265625 0.3055555555555556 0.920703125 0.3194444444444444 0.915625 0.31875 0.9078125 0.31180555555555556 0.902734375 0.3125 0.896875 0.3034722222222222 0.903515625 0.3 0.91640625 0.29930555555555555
0 0.934375 0.24305555555555555 0.948828125 0.24305555555555555 0.952734375 0.24722222222222223 0.95234375 0.2548611111111111 0.9390625 0.2659722222222222 0.925 0.25972222222222224 0.91171875 0.2625 0.91015625 0.2590277777777778 0.912890625 0.2513888888888889 0.933984375 0.24305555555555555
0 0.92578125 0.2763888888888889 0.93515625 0.28055555555555556 0.93828125 0.2861111111111111 0.934765625 0.29305555555555557 0.92578125 0.2965277777777778 0.92421875 0.2965277777777778 0.922265625 0.28888888888888886 0.909375 0.2791666666666667 0.925390625 0.2763888888888889
0 0.871484375 0.32569444444444445 0.8828125 0.3284722222222222 0.89296875 0.3375 0.90234375 0.35694444444444445 0.901953125 0.3659722222222222 0.8984375 0.37083333333333335 0.89375 0.36944444444444446 0.884375 0.35138888888888886 0.880078125 0.3472222222222222 0.8578125 0.34305555555555556 0.85859375 0.32916666666666666 0.87109375 0.32569444444444445
0 0.846875 0.38263888888888886 0.863671875 0.38958333333333334 0.87109375 0.40694444444444444 0.871484375 0.41458333333333336 0.869140625 0.4201388888888889 0.857421875 0.4236111111111111 0.85 0.4215277777777778 0.830859375 0.40069444444444446 0.834375 0.38680555555555557 0.846484375 0.38263888888888886
0 0.679296875 0.2423611111111111 0.685546875 0.2611111111111111 0.6828125 0.27291666666666664 0.66953125 0.27152777777777776 0.6625 0.25833333333333336 0.6625 0.24444444444444444 0.671875 0.24027777777777778 0.67890625 0.2423611111111111
0 0.735546875 0.19583333333333333 0.741015625 0.20277777777777778 0.744921875 0.2152777777777778 0.743359375 0.22708333333333333 0.7390625 0.2298611111111111 0.7265625 0.22430555555555556 0.719140625 0.21319444444444444 0.720703125 0.1986111111111111 0.7265625 0.1951388888888889 0.73515625 0.19583333333333333
0 0.82890625 0.40347222222222223 0.841796875 0.41388888888888886 0.844140625 0.42430555555555555 0.855859375 0.4388888888888889 0.85546875 0.44930555555555557 0.84609375 0.46111111111111114 0.82890625 0.45625 0.823046875 0.44513888888888886 0.8046875 0.42916666666666664 0.805859375 0.4076388888888889 0.828515625 0.40347222222222223
0 0.70859375 0.2111111111111111 0.71640625 0.21388888888888888 0.721484375 0.22013888888888888 0.7265625 0.2375 0.723828125 0.24791666666666667 0.7125 0.24444444444444444 0.709375 0.23472222222222222 0.69921875 0.21944444444444444 0.700390625 0.21319444444444444 0.708203125 0.2111111111111111
0 0.92734375 0.2604166666666667 0.933203125 0.26319444444444445 0.940234375 0.27152777777777776 0.9359375 0.28055555555555556 0.922265625 0.2763888888888889 0.90625 0.2777777777777778 0.904296875 0.275 0.9046875 0.26944444444444443 0.908203125 0.26458333333333334 0.926953125 0.2604166666666667
0 0.907421875 0.31180555555555556 0.921875 0.3236111111111111 0.920703125 0.33194444444444443 0.9125 0.33819444444444446 0.89609375 0.3194444444444444 0.895703125 0.3173611111111111 0.901171875 0.31319444444444444 0.90703125 0.31180555555555556
0 0.8640625 0.3715277777777778 0.873828125 0.3763888888888889 0.88359375 0.39375 0.883984375 0.3972222222222222 0.880078125 0.4076388888888889 0.8734375 0.41041666666666665 0.8640625 0.3909722222222222 0.844140625 0.3798611111111111 0.85 0.3715277777777778 0.863671875 0.3715277777777778
0 0.855859375 0.12777777777777777 0.867578125 0.12916666666666668 0.873046875 0.12291666666666666 0.875390625 0.09861111111111111 0.87109375 0.09583333333333334 0.864453125 0.09722222222222222 0.858203125 0.10277777777777777 0.855078125 0.11388888888888889 0.8546875 0.12569444444444444 0.855859375 0.12777777777777777
2 0.569615234375 0.3819388888888889 0.591181640625 0.3664270833333333 0.5760359375 0.32047708333333336 0.549859765625 0.3438909722222222 0.569615234375 0.3819388888888889
2 0.593651171875 0.3614513888888889 0.604351953125 0.35179305555555557 0.587559765625 0.31520902777777776 0.578505078125 0.3201847222222222 0.593651171875 0.3614513888888889
2 0.607315234375 0.35032986111111114 0.6229550781250001 0.3374520833333333 0.603693359375 0.30525833333333335 0.5900292968749999 0.31520902777777776 0.607315234375 0.35032986111111114
2 0.6249304687499999 0.3377451388888889 0.63810078125 0.32779375 0.618180859375 0.2923805555555556 0.6064921875 0.30262430555555553 0.6249304687499999 0.3377451388888889
2 0.6412289062500001 0.32545277777777776 0.653740625 0.30964861111111114 0.636125390625 0.27803958333333334 0.6209792968750001 0.2906243055555556 0.6412289062500001 0.32545277777777776
2 0.6580210937500001 0.30759930555555554 0.67234375 0.2956 0.650941796875 0.26399097222222223 0.637771484375 0.2739423611111111 0.6580210937500001 0.30759930555555554
2 0.67530703125 0.2944291666666667 0.682715234375 0.2885756944444444 0.65851484375 0.26018680555555557 0.653740625 0.2636986111111111 0.67530703125 0.2944291666666667
2 0.662301171875 0.26047916666666665 0.68534921875 0.28564930555555557 0.69555625 0.2739423611111111 0.67711796875 0.24613819444444446 0.6618074218750001 0.25843055555555555 0.662301171875 0.26047916666666665
2 0.700001171875 0.2748201388888889 0.707244921875 0.2672104166666667 0.691440625 0.23472361111111112 0.679587109375 0.24379652777777777 0.700001171875 0.2748201388888889
2 0.7087265625 0.26428402777777776 0.719262890625 0.2581375 0.70033046875 0.22067569444444446 0.691605078125 0.22974861111111114 0.7087265625 0.26428402777777776
2 0.720415234375 0.2552111111111111 0.730622265625 0.24438194444444447 0.71481796875 0.21218819444444442 0.702470703125 0.22184652777777777 0.720415234375 0.2552111111111111
2 0.732926953125 0.24438194444444447 0.7385242187500001 0.24028472222222222 0.71893359375 0.20984652777777776 0.7164640624999999 0.21306597222222223 0.732926953125 0.24438194444444447
2 0.7398414062499999 0.24028472222222222 0.750377734375 0.23238263888888888 0.735396484375 0.19960347222222222 0.72173203125 0.20604166666666665 0.7398414062499999 0.24028472222222222
2 0.7368781249999999 0.19609097222222222 0.7510359375 0.23091944444444445 0.75712734375 0.22418749999999998 0.7396765624999999 0.19696875 0.737865625 0.19726180555555556 0.7368781249999999 0.19609097222222222
2 0.7602554687499999 0.22272430555555556 0.76848671875 0.2133590277777778 0.749225390625 0.19345694444444442 0.7432984375 0.19813958333333334 0.7602554687499999 0.22272430555555556
2 0.770133203125 0.21482222222222222 0.780833984375 0.20516388888888887 0.7648648437500001 0.17882361111111109 0.751859375 0.19053055555555554 0.770133203125 0.21482222222222222
2 0.8417953125000001 0.47252500000000003 0.8613617187499999 0.4420395833333334 0.8235480468749999 0.3939666666666667 0.8028824218749999 0.4224979166666667 0.8417953125000001 0.47252500000000003
2 0.86509921875 0.4361770833333333 0.87653125 0.4107722222222222 0.838717578125 0.37716041666666666 0.827065625 0.39240277777777777 0.86509921875 0.4361770833333333
2 0.8800488281250001 0.40881805555555556 0.88796328125 0.3970930555555555 0.8499296875000001 0.36035416666666664 0.8402566406249999 0.37520625 0.8800488281250001 0.40881805555555556
2 0.8892824218750001 0.3939666666666667 0.89763671875 0.37168819444444445 0.861141796875 0.34276666666666666 0.8521281249999999 0.3548826388888889 0.8892824218750001 0.3939666666666667
2 0.8613617187499999 0.33260486111111115 0.9000550781250001 0.3744243055555556 0.9081894531250001 0.35292847222222223 0.869716015625 0.3185340277777778 0.859823046875 0.3333861111111111 0.8613617187499999 0.33260486111111115
2 0.9114871093750001 0.3505833333333333 0.9187417968749999 0.3392486111111111 0.879389453125 0.30563680555555556 0.871914453125 0.3161895833333333 0.9114871093750001 0.3505833333333333
2 0.9216 0.3349493055555556 0.92709609375 0.32556944444444447 0.89236015625 0.29156666666666664 0.8800488281250001 0.3032916666666667 0.9216 0.3349493055555556
2 0.9277558593749999 0.318925 0.934790625 0.29821041666666664 0.90357265625 0.27280625000000003 0.8930199218749999 0.28922152777777776 0.9277558593749999 0.318925
2 0.938088671875 0.2931298611111111 0.9449039062500001 0.2724152777777778 0.9147847656250001 0.25404583333333336 0.9062105468749999 0.26850694444444445 0.938088671875 0.2931298611111111
2 0.946223046875 0.26850694444444445 0.9567753906249999 0.24857430555555557 0.92489765625 0.23450347222222223 0.9147847656250001 0.24662013888888887 0.946223046875 0.26850694444444445
2 0.958754296875 0.24466597222222222 0.967108203125 0.22903194444444444 0.938528125 0.2110534722222222 0.9279753906250001 0.23176805555555555 0.958754296875 0.24466597222222222