0 0.425390625 0.5625 0.435546875 0.5631944444444444 0.448046875 0.5736111111111111 0.452734375 0.5715277777777777 0.463671875 0.5506944444444445 0.462890625 0.5451388888888888 0.454296875 0.5395833333333333 0.45625 0.5298611111111111 0.455078125 0.525 0.4515625 0.5194444444444445 0.44609375 0.5159722222222223 0.43828125 0.5166666666666667 0.434375 0.5201388888888889 0.428125 0.5284722222222222 0.42109375 0.5451388888888888 0.421484375 0.5597222222222222 0.425390625 0.5625
0 0.3140625 0.4979166666666667 0.344921875 0.5159722222222223 0.35859375 0.5152777777777777 0.3671875 0.5083333333333333 0.369921875 0.5006944444444444 0.36953125 0.4909722222222222 0.36640625 0.48541666666666666 0.349609375 0.47152777777777777 0.3234375 0.4701388888888889 0.3140625 0.4756944444444444 0.31171875 0.4861111111111111 0.31171875 0.4930555555555556 0.3140625 0.4979166666666667
0 0.213671875 0.5604166666666667 0.23046875 0.5652777777777778 0.2515625 0.5861111111111111 0.265625 0.5833333333333334 0.272265625 0.5763888888888888 0.2734375 0.5722222222222222 0.2828125 0.5645833333333333 0.276171875 0.5465277777777777 0.27265625 0.5416666666666666 0.25703125 0.5222222222222223 0.242578125 0.5118055555555555 0.22265625 0.5090277777777777 0.208984375 0.5180555555555556 0.20625 0.5222222222222223 0.207421875 0.5430555555555555 0.213671875 0.5604166666666667
0 0.08984375 0.3625 0.10078125 0.36666666666666664 0.109375 0.3736111111111111 0.12265625 0.3680555555555556 0.126171875 0.3590277777777778 0.125390625 0.35208333333333336 0.121875 0.34305555555555556 0.112890625 0.33611111111111114 0.101171875 0.3375 0.08828125 0.3472222222222222 0.087890625 0.35694444444444445 0.08984375 0.3625
0 0.048828125 0.41458333333333336 0.058984375 0.41805555555555557 0.0734375 0.41597222222222224 0.078125 0.4215277777777778 0.08515625 0.4215277777777778 0.064453125 0.3993055555555556 0.058203125 0.39791666666666664 0.045703125 0.4027777777777778 0.044921875 0.4083333333333333 0.048828125 0.41458333333333336
0 0.564453125 0.3590277777777778 0.580078125 0.3611111111111111 0.58515625 0.3590277777777778 0.5859375 0.34652777777777777 0.58359375 0.3333333333333333 0.57578125 0.31805555555555554 0.57109375 0.31527777777777777 0.55703125 0.3159722222222222 0.552734375 0.32222222222222224 0.553125 0.3388888888888889 0.564453125 0.3590277777777778
0 0.63046875 0.30486111111111114 0.644140625 0.30486111111111114 0.647265625 0.2972222222222222 0.64609375 0.2902777777777778 0.63671875 0.27361111111111114 0.622265625 0.27152777777777776 0.61953125 0.27569444444444446 0.61953125 0.2916666666666667 0.63046875 0.30486111111111114
0 0.6484375 0.29444444444444445 0.658203125 0.29583333333333334 0.66015625 0.29305555555555557 0.660546875 0.2833333333333333 0.6546875 0.26805555555555555 0.65078125 0.2652777777777778 0.63984375 0.26458333333333334 0.63671875 0.26875 0.637890625 0.27569444444444446 0.6484375 0.29444444444444445
0 0.670703125 0.2722222222222222 0.678515625 0.2743055555555556 0.684375 0.2708333333333333 0.684765625 0.25972222222222224 0.679296875 0.24166666666666667 0.66875 0.24166666666666667 0.6640625 0.24444444444444444 0.662890625 0.24791666666666667 0.66328125 0.2611111111111111 0.670703125 0.2722222222222222
0 0.68125 0.24444444444444444 0.685546875 0.26180555555555557 0.691796875 0.26180555555555557 0.697265625 0.25763888888888886 0.698046875 0.2513888888888889 0.693359375 0.2361111111111111 0.686328125 0.22847222222222222 0.67734375 0.23055555555555557 0.675390625 0.2375 0.68125 0.24444444444444444
0 0.69296875 0.23472222222222222 0.699609375 0.2534722222222222 0.706640625 0.25416666666666665 0.709765625 0.2513888888888889 0.71015625 0.23958333333333334 0.704296875 0.2263888888888889 0.694140625 0.21944444444444444 0.6890625 0.21944444444444444 0.68671875 0.22361111111111112 0.6859375 0.22708333333333333 0.69296875 0.23472222222222222
0 0.707421875 0.22847222222222222 0.712109375 0.24444444444444444 0.7203125 0.25 0.724609375 0.24791666666666667 0.7265625 0.23680555555555555 0.7203125 0.21736111111111112 0.70859375 0.21041666666666667 0.70078125 0.21458333333333332 0.700390625 0.22013888888888888 0.707421875 0.22847222222222222
0 0.7265625 0.22430555555555556 0.7390625 0.23055555555555557 0.743359375 0.22777777777777777 0.744921875 0.2152777777777778 0.73828125 0.1986111111111111 0.72734375 0.1951388888888889 0.719140625 0.20277777777777778 0.719921875 0.21666666666666667 0.7265625 0.22430555555555556
0 0.750390625 0.1951388888888889 0.765625 0.2048611111111111 0.77265625 0.2048611111111111 0.77421875 0.20208333333333334 0.775 0.19305555555555556 0.7703125 0.18125 0.758984375 0.17569444444444443 0.7484375 0.17847222222222223 0.748828125 0.19236111111111112 0.750390625 0.1951388888888889
0 0.820703125 0.44305555555555554 0.8234375 0.4423611111111111 0.82890625 0.45625 0.8453125 0.46111111111111114 0.856640625 0.4465277777777778 0.85703125 0.4423611111111111 0.85390625 0.4340277777777778 0.84375 0.42569444444444443 0.84296875 0.4152777777777778 0.83515625 0.40694444444444444 0.816015625 0.4041666666666667 0.80703125 0.40625 0.8046875 0.4111111111111111 0.805078125 0.4270833333333333 0.820703125 0.44305555555555554
0 0.85078125 0.4222222222222222 0.86484375 0.42291666666666666 0.86796875 0.4215277777777778 0.87109375 0.4152777777777778 0.866796875 0.39375 0.86328125 0.3902777777777778 0.844921875 0.38333333333333336 0.8359375 0.3861111111111111 0.83125 0.39166666666666666 0.83125 0.40208333333333335 0.85078125 0.4222222222222222
0 0.851953125 0.38263888888888886 0.866796875 0.3923611111111111 0.86953125 0.4041666666666667 0.873046875 0.4097222222222222 0.880078125 0.4083333333333333 0.8828125 0.40069444444444446 0.883203125 0.39375 0.874609375 0.3763888888888889 0.864453125 0.37222222222222223 0.85078125 0.3715277777777778 0.8453125 0.3770833333333333 0.84609375 0.3819444444444444 0.851953125 0.38263888888888886
0 0.870703125 0.375 0.876171875 0.3784722222222222 0.8796875 0.38819444444444445 0.88359375 0.38958333333333334 0.8921875 0.38680555555555557 0.89609375 0.37430555555555556 0.888671875 0.35694444444444445 0.88203125 0.3486111111111111 0.873046875 0.3458333333333333 0.855078125 0.3458333333333333 0.851171875 0.35208333333333336 0.84921875 0.37083333333333335 0.870703125 0.375
0 0.858203125 0.34444444444444444 0.876953125 0.3458333333333333 0.883984375 0.3506944444444444 0.894140625 0.36944444444444446 0.897265625 0.3701388888888889 0.9015625 0.36319444444444443 0.901953125 0.35555555555555557 0.89921875 0.34930555555555554 0.892578125 0.3347222222222222 0.8875 0.33125 0.8703125 0.32569444444444445 0.8640625 0.3263888888888889 0.859765625 0.3284722222222222 0.856640625 0.3388888888888889 0.85625 0.3416666666666667 0.858203125 0.34444444444444444
0 0.873046875 0.3277777777777778 0.875390625 0.3284722222222222 0.8796875 0.33611111111111114 0.883203125 0.32916666666666666 0.890625 0.33541666666666664 0.892578125 0.3416666666666667 0.898828125 0.3486111111111111 0.904296875 0.36041666666666666 0.912109375 0.3451388888888889 0.912890625 0.33402777777777776 0.901953125 0.32222222222222224 0.891015625 0.31805555555555554 0.876171875 0.3215277777777778 0.873046875 0.32430555555555557 0.873046875 0.3277777777777778
0 0.876171875 0.31875 0.898046875 0.3194444444444444 0.9140625 0.3333333333333333 0.920703125 0.32916666666666666 0.922265625 0.32569444444444445 0.919921875 0.3194444444444444 0.905078125 0.3034722222222222 0.89765625 0.30486111111111114 0.884375 0.3 0.87734375 0.3034722222222222 0.875 0.3076388888888889 0.87421875 0.3145833333333333 0.876171875 0.31875
0 0.8921875 0.30069444444444443 0.9140625 0.29930555555555555 0.921484375 0.3020833333333333 0.930078125 0.29305555555555557 0.9265625 0.2902777777777778 0.929296875 0.2833333333333333 0.93359375 0.2826388888888889 0.928515625 0.2791666666666667 0.9 0.2791666666666667 0.890625 0.28402777777777777 0.889453125 0.2965277777777778 0.8921875 0.30069444444444443
0 0.906640625 0.2777777777777778 0.925390625 0.2763888888888889 0.9359375 0.2791666666666667 0.9375 0.2722222222222222 0.93515625 0.2652777777777778 0.926171875 0.2611111111111111 0.911328125 0.26319444444444445 0.90625 0.2659722222222222 0.9046875 0.26944444444444443 0.9046875 0.27569444444444446 0.906640625 0.2777777777777778
0 0.91171875 0.26180555555555557 0.926953125 0.2604166666666667 0.9359375 0.26458333333333334 0.95078125 0.25277777777777777 0.951953125 0.24583333333333332 0.95 0.24305555555555555 0.92734375 0.24375 0.910546875 0.25555555555555554 0.91015625 0.2590277777777778 0.91171875 0.26180555555555557
2 0.5697363281250001 0.38130416666666667 0.59092734375 0.3624680555555555 0.575337109375 0.32452569444444446 0.5556593750000001 0.33905694444444445 0.5697363281250001 0.38130416666666667
2 0.59334921875 0.3611222222222222 0.60303671875 0.34982013888888885 0.586689453125 0.31672222222222224 0.576850390625 0.32452569444444446 0.59334921875 0.3611222222222222
2 0.606366796875 0.34928194444444444 0.6198382812500001 0.3377111111111111 0.6040960937500001 0.3064965277777778 0.5898679687499999 0.3169909722222222 0.606366796875 0.34928194444444444
2 0.606439852734375 0.3048448472222222 0.62316796875 0.33663472222222224 0.6358828125 0.3250638888888889 0.618930078125 0.29465625 0.606439852734375 0.3048448472222222
2 0.63527734375 0.2795875 0.62089765625 0.2922347222222222 0.639212890625 0.3202201388888889 0.65207890625 0.3097256944444444 0.63527734375 0.2795875
2 0.64844609375 0.26828541666666667 0.6393640625 0.2763583333333334 0.65510625 0.3064965277777778 0.6657015625 0.29761666666666664 0.64844609375 0.26828541666666667
2 0.662523046875 0.2618270833333333 0.6529871093749999 0.26559444444444447 0.66630703125 0.29654027777777775 0.6787191406249999 0.2873909722222222 0.662523046875 0.2618270833333333
2 0.6780703124999999 0.2464083333333333 0.663807421875 0.25826875 0.679795703125 0.28587430555555554 0.694748828125 0.27544583333333333 0.6780703124999999 0.2464083333333333
2 0.6875023437500001 0.23475277777777775 0.67853046875 0.24231875000000003 0.6958992187499999 0.2731965277777778 0.70475625 0.2650166666666667 0.6875023437500001 0.23475277777777775
2 0.6984296875 0.22371041666666663 0.6888828124999999 0.23107152777777779 0.706136328125 0.2639944444444444 0.71729375 0.2568375 0.6984296875 0.22371041666666663
2 0.7105074218749999 0.21471249999999997 0.701190234375 0.22207430555555555 0.718558984375 0.25499722222222226 0.72856640625 0.24722638888888887 0.7105074218749999 0.21471249999999997
2 0.717983984375 0.21123611111111112 0.7122328125 0.21389444444444444 0.7301765625 0.24456805555555555 0.73811328125 0.23986458333333333 0.717983984375 0.21123611111111112
2 0.7301765625 0.20285208333333335 0.7206296875 0.2083736111111111 0.73868828125 0.2382291666666667 0.7482355468749999 0.23188958333333332 0.7301765625 0.20285208333333335
2 0.7392636718750001 0.19835347222222224 0.73270703125 0.20121666666666668 0.749845703125 0.22841319444444447 0.7580125 0.22166527777777775 0.7392636718750001 0.19835347222222224
2 0.74858046875 0.19405972222222223 0.74202421875 0.19753541666666669 0.760198046875 0.22023402777777779 0.7673296875 0.21266805555555557 0.74858046875 0.19405972222222223
2 0.764108984375 0.1795409722222222 0.7503058593749999 0.18976527777777777 0.7703203125 0.21185 0.7807875 0.20285208333333335 0.764108984375 0.1795409722222222
2 0.8051019531250001 0.42840625 0.8441000000000001 0.4700479166666667 0.859306640625 0.44497569444444446 0.8227613281249999 0.4011541666666667 0.8053472656249999 0.42644444444444446 0.8051019531250001 0.42840625
2 0.8628632812499999 0.43843541666666663 0.8753718750000001 0.41946805555555555 0.840666015625 0.38000625 0.8266855468750001 0.39941041666666666 0.8628632812499999 0.43843541666666663
2 0.8797867187499999 0.41794166666666666 0.88910703125 0.4002819444444444 0.8523164062499999 0.36736111111111114 0.8444679687500001 0.37804444444444446 0.8797867187499999 0.41794166666666666
2 0.8900882812500001 0.39679375 0.8967105468750001 0.3756458333333333 0.859183984375 0.3457777777777778 0.84900546875 0.36496319444444447 0.8900882812500001 0.39679375
2 0.8974464843750001 0.3734659722222223 0.905049609375 0.35711458333333335 0.8705890625 0.3239756944444444 0.8579578124999999 0.3385826388888889 0.8974464843750001 0.3734659722222223
2 0.908115625 0.35602430555555553 0.9155964843750001 0.33705694444444445 0.877947265625 0.3137284722222222 0.87071171875 0.3213597222222222 0.908115625 0.35602430555555553
2 0.916455078125 0.33356875 0.9222187500000001 0.32419375 0.8897203125 0.2934527777777778 0.8743910156249999 0.30936874999999997 0.916455078125 0.33356875
2 0.920379296875 0.31024027777777774 0.923567578125 0.30151944444444445 0.9305578125 0.29454305555555554 0.939387890625 0.2873486111111111 0.9060308593749999 0.2742673611111111 0.8908242187500001 0.2895284722222222 0.920379296875 0.31024027777777774
2 0.9038234375 0.2733951388888889 0.9344824218750001 0.28211597222222223 0.93619921875 0.2751395833333333 0.94073671875 0.26881666666666665 0.91277578125 0.2598784722222222 0.9028421874999999 0.27295902777777775 0.9038234375 0.2733951388888889
2 0.9370578125 0.26707291666666666 0.9365671875 0.26009652777777775 0.9452742187500001 0.2529013888888889 0.951896484375 0.24636111111111111 0.925652734375 0.2374222222222222 0.9102003906249999 0.2553 0.9370578125 0.26707291666666666