0 0.1859375 0.5604166666666667 0.198046875 0.5673611111111111 0.206640625 0.5847222222222223 0.22421875 0.5833333333333334 0.230859375 0.5770833333333333 0.232421875 0.5604166666666667 0.2203125 0.5486111111111112 0.217578125 0.5402777777777777 0.219140625 0.5361111111111111 0.218359375 0.53125 0.21015625 0.5201388888888889 0.201953125 0.5173611111111112 0.196484375 0.5201388888888889 0.19453125 0.5298611111111111 0.185546875 0.5277777777777778 0.18359375 0.53125 0.18359375 0.5472222222222223 0.1859375 0.5604166666666667
0 0.23125 0.4465277777777778 0.23515625 0.44930555555555557 0.237890625 0.45555555555555555 0.24609375 0.4527777777777778 0.256640625 0.4388888888888889 0.25546875 0.43472222222222223 0.24765625 0.42986111111111114 0.245703125 0.4111111111111111 0.240234375 0.4076388888888889 0.226171875 0.41458333333333336 0.221484375 0.4326388888888889 0.221875 0.44583333333333336 0.23125 0.4465277777777778
0 0.133984375 0.38680555555555557 0.1578125 0.40208333333333335 0.17578125 0.3958333333333333 0.177734375 0.3909722222222222 0.175 0.3784722222222222 0.160546875 0.36736111111111114 0.148046875 0.3645833333333333 0.1359375 0.36875 0.13203125 0.3729166666666667 0.131640625 0.38125 0.133984375 0.38680555555555557
0 0.560546875 0.34930555555555554 0.56484375 0.3590277777777778 0.581640625 0.3611111111111111 0.58515625 0.35833333333333334 0.5859375 0.34652777777777777 0.584765625 0.3388888888888889 0.583203125 0.33125 0.578515625 0.3215277777777778 0.571484375 0.3159722222222222 0.556640625 0.3159722222222222 0.553125 0.32013888888888886 0.553125 0.33958333333333335 0.560546875 0.34930555555555554
0 0.630078125 0.30416666666666664 0.644140625 0.30416666666666664 0.646875 0.2965277777777778 0.644140625 0.2875 0.637890625 0.2763888888888889 0.62578125 0.27152777777777776 0.621484375 0.2722222222222222 0.61953125 0.27569444444444446 0.619140625 0.2902777777777778 0.630078125 0.30416666666666664
0 0.64765625 0.29375 0.650390625 0.29583333333333334 0.659765625 0.29375 0.660546875 0.28402777777777777 0.654296875 0.2673611111111111 0.63984375 0.26458333333333334 0.63671875 0.26805555555555555 0.636328125 0.27291666666666664 0.64765625 0.29375
0 0.669921875 0.27152777777777776 0.683984375 0.2722222222222222 0.684765625 0.25972222222222224 0.680078125 0.2423611111111111 0.6734375 0.24027777777777778 0.6625 0.24583333333333332 0.66328125 0.2611111111111111 0.669921875 0.27152777777777776
0 0.68125 0.24444444444444444 0.6859375 0.26180555555555557 0.691796875 0.26180555555555557 0.697265625 0.25833333333333336 0.698046875 0.2513888888888889 0.69296875 0.2361111111111111 0.6859375 0.22777777777777777 0.676953125 0.23055555555555557 0.675 0.2375 0.68125 0.24444444444444444
0 0.695703125 0.24097222222222223 0.699609375 0.2534722222222222 0.70625 0.25416666666666665 0.710546875 0.24861111111111112 0.71015625 0.2388888888888889 0.703125 0.225 0.69609375 0.22013888888888888 0.6890625 0.22013888888888888 0.686328125 0.22430555555555556 0.6859375 0.22708333333333333 0.695703125 0.24097222222222223
0 0.705078125 0.2263888888888889 0.7125 0.24444444444444444 0.719921875 0.24861111111111112 0.725 0.24583333333333332 0.726171875 0.23541666666666666 0.7203125 0.21666666666666667 0.716796875 0.21319444444444444 0.712890625 0.21388888888888888 0.706640625 0.21041666666666667 0.699609375 0.21458333333333332 0.69921875 0.21944444444444444 0.705078125 0.2263888888888889
0 0.72578125 0.225 0.740234375 0.23055555555555557 0.74375 0.2263888888888889 0.74453125 0.21388888888888888 0.737890625 0.19930555555555557 0.72578125 0.19583333333333333 0.719140625 0.20416666666666666 0.719921875 0.21666666666666667 0.72578125 0.225
0 0.74921875 0.1951388888888889 0.76875 0.20694444444444443 0.774609375 0.20277777777777778 0.775 0.19236111111111112 0.7703125 0.18055555555555555 0.75859375 0.175 0.7484375 0.17916666666666667 0.748046875 0.19236111111111112 0.74921875 0.1951388888888889
0 0.85703125 0.12777777777777777 0.862109375 0.12986111111111112 0.869140625 0.12777777777777777 0.8734375 0.11944444444444445 0.875390625 0.09930555555555555 0.87421875 0.09652777777777778 0.86875 0.09583333333333334 0.86171875 0.1 0.857421875 0.10555555555555556 0.8546875 0.11666666666666667 0.8546875 0.12361111111111112 0.85703125 0.12777777777777777
0 0.9140625 0.10208333333333333 0.9171875 0.09722222222222222 0.91796875 0.08819444444444445 0.915234375 0.08472222222222223 0.910546875 0.08541666666666667 0.905859375 0.09375 0.90546875 0.10208333333333333 0.9140625 0.10208333333333333
0 0.819921875 0.44305555555555554 0.826953125 0.45625 0.845703125 0.4618055555555556 0.85234375 0.4548611111111111 0.856640625 0.44583333333333336 0.856640625 0.4423611111111111 0.85234375 0.4326388888888889 0.8453125 0.42916666666666664 0.843359375 0.4152777777777778 0.83515625 0.40625 0.816015625 0.40347222222222223 0.806640625 0.40625 0.804296875 0.4111111111111111 0.804296875 0.42777777777777776 0.819921875 0.44305555555555554
0 0.839453125 0.40902777777777777 0.845703125 0.41875 0.85234375 0.4236111111111111 0.866796875 0.4222222222222222 0.870703125 0.41458333333333336 0.8671875 0.39652777777777776 0.8625 0.3909722222222222 0.841796875 0.3840277777777778 0.834765625 0.3861111111111111 0.830859375 0.39375 0.831640625 0.40208333333333335 0.839453125 0.40902777777777777
0 0.852734375 0.38263888888888886 0.8671875 0.39305555555555555 0.86953125 0.4048611111111111 0.873046875 0.41180555555555554 0.877734375 0.4111111111111111 0.8828125 0.40069444444444446 0.8828125 0.39305555555555555 0.87421875 0.3763888888888889 0.85234375 0.37083333333333335 0.844921875 0.3763888888888889 0.845703125 0.3819444444444444 0.852734375 0.38263888888888886
0 0.85 0.3715277777777778 0.86875 0.3736111111111111 0.8765625 0.37916666666666665 0.879296875 0.38819444444444445 0.88359375 0.3909722222222222 0.890234375 0.3888888888888889 0.89375 0.3840277777777778 0.8953125 0.3715277777777778 0.88359375 0.35 0.8765625 0.34652777777777777 0.85546875 0.3458333333333333 0.85234375 0.34791666666666665 0.851171875 0.35208333333333336 0.8484375 0.36944444444444446 0.85 0.3715277777777778
0 0.857421875 0.34444444444444444 0.880859375 0.34652777777777777 0.8875 0.35138888888888886 0.890625 0.3576388888888889 0.904296875 0.35555555555555557 0.89921875 0.35347222222222224 0.897265625 0.34375 0.8890625 0.33125 0.8703125 0.325 0.859375 0.3277777777777778 0.857421875 0.33125 0.855859375 0.34097222222222223 0.857421875 0.34444444444444444
0 0.894140625 0.36944444444444446 0.898046875 0.36875 0.898828125 0.3659722222222222 0.8953125 0.36041666666666666 0.890625 0.36041666666666666 0.890234375 0.3625 0.894140625 0.36944444444444446
0 0.891796875 0.3326388888888889 0.895703125 0.33819444444444446 0.897265625 0.3451388888888889 0.904296875 0.3541666666666667 0.91171875 0.3451388888888889 0.9109375 0.33194444444444443 0.900390625 0.32083333333333336 0.890234375 0.3173611111111111 0.875 0.32083333333333336 0.872265625 0.32430555555555557 0.891796875 0.3326388888888889
0 0.876171875 0.31805555555555554 0.896484375 0.3173611111111111 0.9109375 0.31319444444444444 0.9109375 0.3104166666666667 0.90546875 0.3020833333333333 0.8921875 0.3020833333333333 0.886328125 0.29930555555555555 0.8765625 0.3034722222222222 0.875 0.30694444444444446 0.87421875 0.3145833333333333 0.876171875 0.31805555555555554
0 0.891796875 0.30069444444444443 0.916015625 0.30069444444444443 0.92109375 0.3034722222222222 0.93671875 0.28958333333333336 0.93515625 0.28194444444444444 0.921875 0.27708333333333335 0.9 0.2791666666666667 0.88984375 0.2861111111111111 0.889453125 0.2965277777777778 0.891796875 0.30069444444444443
0 0.90625 0.2777777777777778 0.9265625 0.27708333333333335 0.936328125 0.2798611111111111 0.938671875 0.2722222222222222 0.935546875 0.2652777777777778 0.925390625 0.2604166666666667 0.9109375 0.26319444444444445 0.9046875 0.26875 0.904296875 0.2763888888888889 0.90625 0.2777777777777778
0 0.784375 0.7166666666666667 0.796875 0.7416666666666667 0.80703125 0.74375 0.80859375 0.7409722222222223 0.811328125 0.7277777777777777 0.80859375 0.7194444444444444 0.80078125 0.7125 0.77890625 0.7055555555555556 0.77890625 0.7097222222222223 0.784375 0.7166666666666667
2 0.5698531250000001 0.37969375 0.592541015625 0.3616131944444444 0.5753296875 0.33101458333333333 0.553737109375 0.3429756944444444 0.5698531250000001 0.37969375
2 0.59629609375 0.35994374999999995 0.607092578125 0.3493736111111111 0.587690625 0.32350416666666665 0.5773636718749999 0.32906805555555557 0.59629609375 0.35994374999999995
2 0.6041195312500001 0.30876180555555555 0.58941171875 0.31849722222222226 0.60850078125 0.34659236111111114 0.621330859375 0.33824722222222225 0.6041195312500001 0.30876180555555555
2 0.6192968750000001 0.29485347222222225 0.605997265625 0.3045895833333333 0.624147265625 0.33574375 0.64010703125 0.32183541666666665 0.6192968750000001 0.29485347222222225
2 0.636977734375 0.2795548611111111 0.62101796875 0.29179375 0.641828125 0.3196104166666667 0.6529375 0.31043055555555554 0.636977734375 0.2795548611111111
2 0.65262421875 0.270375 0.63948125 0.27593819444444445 0.655597265625 0.30848333333333333 0.6676453125 0.29874791666666667 0.65262421875 0.270375
2 0.6609171875000001 0.26203055555555554 0.65309375 0.2673152777777778 0.669209765625 0.2976354166666667 0.68000625 0.28734305555555556 0.6609171875000001 0.26203055555555554
2 0.67609453125 0.24812222222222222 0.662481640625 0.26008333333333333 0.68282265625 0.28567430555555556 0.693775390625 0.27538194444444447 0.67609453125 0.24812222222222222
2 0.688298828125 0.2372736111111111 0.678598046875 0.24534027777777778 0.69518359375 0.2739916666666667 0.705666796875 0.26481180555555556 0.688298828125 0.2372736111111111
2 0.69862578125 0.2253125 0.690019921875 0.23171041666666667 0.70723125 0.26147430555555556 0.718340625 0.25229444444444443 0.69862578125 0.2253125
2 0.713646484375 0.21835833333333332 0.7037890625000001 0.22141805555555555 0.7203746093750001 0.25201666666666667 0.7278851562499999 0.24756597222222224 0.713646484375 0.21835833333333332
2 0.719748828125 0.2127951388888889 0.714585546875 0.2164111111111111 0.729762890625 0.24645277777777777 0.73868125 0.2372736111111111 0.719748828125 0.2127951388888889
2 0.7264769531249999 0.20027777777777775 0.720844140625 0.20862291666666666 0.739933203125 0.2361611111111111 0.747912890625 0.22948541666666666 0.7264769531249999 0.20027777777777775
2 0.736334375 0.19666180555555554 0.731953125 0.19888680555555555 0.7497906249999999 0.22837222222222223 0.7504164062500001 0.23031944444444447 0.7577703125 0.22030555555555556 0.736334375 0.19666180555555554
2 0.74806953125 0.1913763888888889 0.740715234375 0.19638333333333333 0.760899609375 0.22086180555555554 0.768723046875 0.21446458333333335 0.74806953125 0.1913763888888889
2 0.760273828125 0.18164097222222222 0.750729296875 0.1894298611111111 0.7693488281249999 0.21084791666666666 0.770913671875 0.21140416666666667 0.778423828125 0.20361597222222222 0.760273828125 0.18164097222222222
2 0.84318671875 0.4703451388888889 0.860809375 0.44584375 0.8244339843749999 0.3992506944444445 0.8029703125 0.4245555555555556 0.84318671875 0.4703451388888889
2 0.86329453125 0.441425 0.877302734375 0.41491597222222226 0.844316015625 0.3779631944444445 0.8271453125000001 0.3976444444444444 0.86329453125 0.441425
2 0.880465625 0.41250555555555557 0.889051171875 0.40166111111111114 0.8506421874999999 0.36711805555555554 0.84589765625 0.37434791666666667 0.880465625 0.41250555555555557
2 0.891310546875 0.3992506944444445 0.8969589843750001 0.3751513888888889 0.86397265625 0.34783819444444447 0.851094140625 0.36350277777777773 0.891310546875 0.3992506944444445
2 0.8989921875 0.3727409722222222 0.907577734375 0.3558715277777778 0.8721062500000001 0.3245416666666667 0.8574203125000001 0.34060833333333335 0.8989921875 0.3727409722222222
2 0.90997578125 0.35110555555555556 0.913698828125 0.3366645833333334 0.874775 0.31440069444444446 0.8676671875 0.32252430555555556 0.90997578125 0.35110555555555556
2 0.915651953125 0.33875277777777774 0.9224902343749999 0.32329861111111113 0.89073203125 0.30083888888888893 0.8803007812500001 0.31175972222222226 0.915651953125 0.33875277777777774
0 0.9125 0.2625 0.92578125 0.2604166666666667 0.9375 0.2652777777777778 0.942578125 0.26458333333333334 0.949609375 0.25625 0.9515625 0.25069444444444444 0.95 0.24375 0.92734375 0.24375 0.910546875 0.2548611111111111 0.91015625 0.2590277777777778 0.9125 0.2625
2 0.91940078125 0.31609930555555554 0.931548828125 0.2922118055555556 0.907436328125 0.2781416666666667 0.895104296875 0.2922118055555556 0.91940078125 0.31609930555555554
2 0.9335734375 0.2902486111111111 0.939831640625 0.27126944444444445 0.9162714843750001 0.26341597222222224 0.908356640625 0.2719243055555556 0.9335734375 0.2902486111111111
2 0.94332890625 0.268325 0.9514277343750001 0.2506548611111111 0.927499609375 0.24181944444444448 0.915351171875 0.2558902777777778 0.94332890625 0.268325