0 0.189453125 0.7527777777777778 0.208984375 0.7569444444444444 0.22109375 0.7548611111111111 0.225 0.7381944444444445 0.23125 0.7229166666666667 0.2390625 0.7131944444444445 0.240625 0.7027777777777777 0.2390625 0.6770833333333334 0.232421875 0.6673611111111111 0.228125 0.6645833333333333 0.212890625 0.6680555555555555 0.196875 0.6986111111111111 0.192578125 0.7027777777777777 0.192578125 0.7138888888888889 0.187890625 0.73125 0.187109375 0.7444444444444445 0.189453125 0.7527777777777778
0 0.108203125 0.41944444444444445 0.130078125 0.43194444444444446 0.141015625 0.4305555555555556 0.141796875 0.41805555555555557 0.140625 0.4076388888888889 0.1359375 0.4027777777777778 0.13125 0.3923611111111111 0.11640625 0.38958333333333334 0.105859375 0.39375 0.105078125 0.4111111111111111 0.108203125 0.41944444444444445
0 0.091796875 0.3659722222222222 0.101953125 0.3701388888888889 0.1125 0.3701388888888889 0.116015625 0.36319444444444443 0.1171875 0.3548611111111111 0.112890625 0.34930555555555554 0.112890625 0.33819444444444446 0.108984375 0.33125 0.104296875 0.3298611111111111 0.094140625 0.33402777777777776 0.090234375 0.34375 0.0890625 0.35833333333333334 0.091796875 0.3659722222222222
0 0.042578125 0.36944444444444446 0.04609375 0.37569444444444444 0.0515625 0.37777777777777777 0.068359375 0.3770833333333333 0.074609375 0.3701388888888889 0.073828125 0.35694444444444445 0.061328125 0.33819444444444446 0.050390625 0.33055555555555555 0.04765625 0.3347222222222222 0.041796875 0.3611111111111111 0.042578125 0.36944444444444446
0 0.0265625 0.3173611111111111 0.031640625 0.32013888888888886 0.03828125 0.3194444444444444 0.04296875 0.3229166666666667 0.046875 0.32083333333333336 0.049609375 0.3104166666666667 0.04921875 0.30486111111111114 0.04296875 0.2923611111111111 0.037109375 0.2875 0.02578125 0.2875 0.023828125 0.2916666666666667 0.0234375 0.3104166666666667 0.0265625 0.3173611111111111
0 0.55625 0.3423611111111111 0.5640625 0.35833333333333334 0.580078125 0.3611111111111111 0.58515625 0.35833333333333334 0.586328125 0.3486111111111111 0.584375 0.3375 0.579296875 0.3229166666666667 0.576171875 0.31875 0.572265625 0.3159722222222222 0.55703125 0.3159722222222222 0.552734375 0.3215277777777778 0.553125 0.33958333333333335 0.55625 0.3423611111111111
0 0.571875 0.6847222222222222 0.578515625 0.6993055555555555 0.58125 0.7013888888888888 0.594140625 0.6993055555555555 0.60546875 0.7013888888888888 0.616015625 0.6847222222222222 0.623828125 0.6840277777777778 0.6296875 0.6902777777777778 0.633203125 0.6902777777777778 0.641015625 0.6784722222222223 0.641015625 0.6715277777777777 0.633984375 0.6576388888888889 0.612890625 0.65 0.605859375 0.6506944444444445 0.598828125 0.6555555555555556 0.578125 0.6576388888888889 0.5734375 0.6680555555555555 0.57109375 0.6784722222222223 0.571875 0.6847222222222222
0 0.855859375 0.12708333333333333 0.86171875 0.12986111111111112 0.869140625 0.1284722222222222 0.873046875 0.12222222222222222 0.87578125 0.1 0.8734375 0.09652777777777778 0.865625 0.09652777777777778 0.858203125 0.10277777777777777 0.85546875 0.11041666666666666 0.8546875 0.12361111111111112 0.855859375 0.12708333333333333
0 0.872265625 0.14166666666666666 0.88046875 0.14166666666666666 0.884765625 0.13402777777777777 0.88359375 0.125 0.880078125 0.12222222222222222 0.87421875 0.12361111111111112 0.87109375 0.12916666666666668 0.870703125 0.13680555555555557 0.872265625 0.14166666666666666
0 0.63046875 0.30486111111111114 0.64296875 0.30486111111111114 0.646875 0.2965277777777778 0.644140625 0.28680555555555554 0.637890625 0.2763888888888889 0.622265625 0.27152777777777776 0.619140625 0.2791666666666667 0.6203125 0.29305555555555557 0.63046875 0.30486111111111114
0 0.63984375 0.27708333333333335 0.648046875 0.29375 0.653515625 0.29583333333333334 0.659765625 0.29375 0.660546875 0.28402777777777777 0.65390625 0.2673611111111111 0.6390625 0.26458333333333334 0.636328125 0.26875 0.6359375 0.27291666666666664 0.63984375 0.27708333333333335
0 0.669140625 0.2708333333333333 0.6828125 0.27291666666666664 0.684765625 0.26944444444444443 0.684765625 0.25972222222222224 0.680078125 0.2423611111111111 0.673828125 0.24027777777777778 0.662890625 0.24583333333333332 0.6625 0.25833333333333336 0.669140625 0.2708333333333333
0 0.680859375 0.2423611111111111 0.6859375 0.2611111111111111 0.692578125 0.26180555555555557 0.69765625 0.25833333333333336 0.6984375 0.25069444444444444 0.69453125 0.2375 0.690234375 0.23055555555555557 0.687109375 0.22777777777777777 0.681640625 0.22777777777777777 0.676171875 0.23194444444444445 0.67578125 0.2361111111111111 0.680859375 0.2423611111111111
0 0.699609375 0.2534722222222222 0.706640625 0.2534722222222222 0.7109375 0.24791666666666667 0.71015625 0.2388888888888889 0.70390625 0.2263888888888889 0.69609375 0.2222222222222222 0.688671875 0.2263888888888889 0.6953125 0.2388888888888889 0.699609375 0.2534722222222222
0 0.70546875 0.22708333333333333 0.712890625 0.24513888888888888 0.7203125 0.24791666666666667 0.724609375 0.24583333333333332 0.726171875 0.2375 0.719140625 0.21597222222222223 0.712109375 0.21180555555555555 0.702734375 0.21180555555555555 0.699609375 0.21458333333333332 0.699609375 0.22013888888888888 0.70546875 0.22708333333333333
0 0.7265625 0.225 0.736328125 0.2298611111111111 0.741796875 0.2298611111111111 0.74375 0.2263888888888889 0.7453125 0.21666666666666667 0.738671875 0.1986111111111111 0.7265625 0.1951388888888889 0.719921875 0.20208333333333334 0.720703125 0.21666666666666667 0.7265625 0.225
0 0.750390625 0.1951388888888889 0.7671875 0.20625 0.773828125 0.20277777777777778 0.775 0.19236111111111112 0.76953125 0.18055555555555555 0.758984375 0.17569444444444443 0.74921875 0.17777777777777778 0.7484375 0.18680555555555556 0.750390625 0.1951388888888889
0 0.81875 0.44166666666666665 0.827734375 0.45625 0.845703125 0.4618055555555556 0.8515625 0.45555555555555555 0.85625 0.44583333333333336 0.8515625 0.4326388888888889 0.844140625 0.4263888888888889 0.84296875 0.41458333333333336 0.83515625 0.40625 0.817578125 0.40347222222222223 0.80703125 0.40625 0.804296875 0.41180555555555554 0.804296875 0.4284722222222222 0.81875 0.44166666666666665
0 0.845703125 0.41875 0.851953125 0.42291666666666666 0.866796875 0.4222222222222222 0.870703125 0.4152777777777778 0.870703125 0.40902777777777777 0.867578125 0.39652777777777776 0.862890625 0.3902777777777778 0.84296875 0.3840277777777778 0.835546875 0.3861111111111111 0.83125 0.39444444444444443 0.83125 0.4013888888888889 0.845703125 0.41875
0 0.846875 0.3819444444444444 0.852734375 0.38263888888888886 0.866796875 0.3923611111111111 0.8703125 0.4041666666666667 0.876171875 0.4111111111111111 0.8796875 0.40902777777777777 0.8828125 0.40069444444444446 0.883203125 0.39375 0.876171875 0.3784722222222222 0.871484375 0.375 0.851953125 0.37083333333333335 0.8453125 0.3763888888888889 0.844921875 0.3798611111111111 0.846875 0.3819444444444444
0 0.86953125 0.3736111111111111 0.875390625 0.37777777777777777 0.879296875 0.3875 0.882421875 0.3888888888888889 0.890234375 0.3875 0.894921875 0.3763888888888889 0.894140625 0.37083333333333335 0.884375 0.35208333333333336 0.880859375 0.3486111111111111 0.859765625 0.3451388888888889 0.85546875 0.3458333333333333 0.8515625 0.3506944444444444 0.85 0.3701388888888889 0.86953125 0.3736111111111111
0 0.858203125 0.34375 0.8765625 0.3451388888888889 0.887109375 0.3527777777777778 0.894140625 0.36944444444444446 0.897265625 0.37083333333333335 0.901171875 0.3659722222222222 0.901953125 0.35555555555555557 0.89140625 0.3347222222222222 0.88828125 0.33194444444444443 0.88125 0.3277777777777778 0.867578125 0.32569444444444445 0.86015625 0.3277777777777778 0.8578125 0.3333333333333333 0.85703125 0.3423611111111111 0.858203125 0.34375
0 0.89140625 0.33402777777777776 0.897265625 0.3451388888888889 0.90234375 0.34652777777777777 0.904296875 0.35625 0.911328125 0.3458333333333333 0.91328125 0.3347222222222222 0.9125 0.33125 0.907421875 0.3263888888888889 0.894921875 0.31805555555555554 0.883203125 0.31805555555555554 0.873828125 0.32222222222222224 0.872265625 0.32430555555555557 0.89140625 0.33402777777777776
0 0.8765625 0.3194444444444444 0.896484375 0.3194444444444444 0.914453125 0.3347222222222222 0.9203125 0.3277777777777778 0.91875 0.32013888888888886 0.911328125 0.3104166666666667 0.91328125 0.3034722222222222 0.885546875 0.3 0.87734375 0.3034722222222222 0.874609375 0.3104166666666667 0.874609375 0.31666666666666665 0.8765625 0.3194444444444444
0 0.893359375 0.30069444444444443 0.91015625 0.2986111111111111 0.918359375 0.30069444444444443 0.9359375 0.2881944444444444 0.93359375 0.28194444444444444 0.9234375 0.27847222222222223 0.90390625 0.27847222222222223 0.890234375 0.2847222222222222 0.88984375 0.2965277777777778 0.893359375 0.30069444444444443
0 0.907421875 0.2777777777777778 0.92265625 0.27708333333333335 0.935546875 0.2798611111111111 0.939453125 0.27569444444444446 0.939453125 0.2722222222222222 0.93515625 0.26458333333333334 0.926171875 0.2611111111111111 0.910546875 0.2638888888888889 0.905078125 0.26875 0.905078125 0.27569444444444446 0.907421875 0.2777777777777778
0 0.91171875 0.26180555555555557 0.9234375 0.2604166666666667 0.936328125 0.26458333333333334 0.94921875 0.25763888888888886 0.9515625 0.25416666666666665 0.95234375 0.24791666666666667 0.95 0.24305555555555555 0.92734375 0.24375 0.910546875 0.2548611111111111 0.91015625 0.2590277777777778 0.91171875 0.26180555555555557
2 0.566983984375 0.38355416666666664 0.5921867187500001 0.3630069444444445 0.5762945312500001 0.31962847222222224 0.552536328125 0.3367513888888889 0.566983984375 0.38355416666666664
2 0.5937917968749999 0.3607236111111111 0.6048683593749999 0.35216180555555554 0.5873707031250001 0.3162041666666667 0.5780601562500001 0.32191180555555554 0.5937917968749999 0.3607236111111111
2 0.6071156249999999 0.3490229166666667 0.619797265625 0.3361805555555556 0.6055105468749999 0.3059298611111111 0.5904207031250001 0.3156333333333333 0.6071156249999999 0.3490229166666667
2 0.622847265625 0.3358951388888889 0.6379371093749999 0.3253361111111111 0.6199578125 0.29365833333333335 0.6066339843749999 0.3042180555555556 0.622847265625 0.3358951388888889
2 0.63986328125 0.3244798611111111 0.653508203125 0.31363541666666667 0.6390605468749999 0.2791041666666667 0.621723828125 0.2948 0.63986328125 0.3244798611111111
2 0.655434375 0.3087840277777778 0.666350390625 0.29765416666666666 0.652384375 0.26569097222222227 0.640666015625 0.2731111111111111 0.655434375 0.3087840277777778
2 0.66923984375 0.29793958333333337 0.67967421875 0.28738055555555553 0.661213671875 0.25998333333333334 0.6544714843749999 0.26540555555555556 0.66923984375 0.29793958333333337
2 0.68208203125 0.2876652777777778 0.695726953125 0.27881875 0.675500390625 0.24771180555555555 0.66281875 0.2582715277777778 0.68208203125 0.2876652777777778
2 0.696369140625 0.27625 0.706482421875 0.2665472222222222 0.690269140625 0.2297326388888889 0.6782296875 0.23943611111111113 0.696369140625 0.27625
2 0.70840859375 0.26198125 0.721090234375 0.2525638888888889 0.69925859375 0.22174236111111112 0.690911328125 0.2277354166666667 0.70840859375 0.26198125
2 0.72285625 0.25199305555555557 0.733290625 0.24485833333333334 0.711298046875 0.21004166666666665 0.700382421875 0.21974444444444446 0.72285625 0.25199305555555557
2 0.7326484375 0.24657083333333335 0.7385878906250001 0.23972152777777778 0.71948515625 0.20775833333333335 0.714990234375 0.21032708333333333 0.7326484375 0.24657083333333335
2 0.740674609375 0.23686736111111112 0.749985546875 0.2305888888888889 0.73296953125 0.19805555555555554 0.72189296875 0.2040486111111111 0.740674609375 0.23686736111111112
2 0.7385878906250001 0.1966284722222222 0.73537734375 0.19805555555555554 0.7522328125 0.22887708333333334 0.7589750000000001 0.22174236111111112 0.7385878906250001 0.1966284722222222
2 0.74516953125 0.19035 0.7409957031250001 0.19434583333333333 0.7626671875000001 0.2211715277777778 0.7700511718749999 0.21489305555555557 0.74516953125 0.19035
2 0.76041953125 0.17493958333333334 0.75014609375 0.1863548611111111 0.772619921875 0.21175416666666666 0.783535546875 0.20176527777777775 0.76041953125 0.17493958333333334
2 0.842609765625 0.4720229166666666 0.8586625 0.44519652777777774 0.820778125 0.3981083333333333 0.8008726562499999 0.42579097222222223 0.842609765625 0.4720229166666666
2 0.8623546875000001 0.44120138888888893 0.87551796875 0.4115215277777778 0.842609765625 0.3775611111111111 0.826075390625 0.3941131944444445 0.8623546875000001 0.44120138888888893
2 0.844536328125 0.3741368055555555 0.8790496093750001 0.41009444444444443 0.886915625 0.3978236111111111 0.8519203125000001 0.3638625 0.8429308593749999 0.3735659722222222 0.844536328125 0.3741368055555555
2 0.8883601562500001 0.3943986111111111 0.89943671875 0.37527777777777777 0.864120703125 0.3421736111111111 0.849994140625 0.36186527777777777 0.8883601562500001 0.3943986111111111
2 0.900239453125 0.3724243055555556 0.9077839843750001 0.35644305555555555 0.870541796875 0.31877222222222223 0.8546496093749999 0.3384638888888889 0.900239453125 0.3724243055555556
2 0.909710546875 0.35330347222222225 0.9135632812500001 0.33646597222222224 0.8748757812499999 0.30906944444444445 0.871344140625 0.31534791666666667 0.909710546875 0.35330347222222225
2 0.9203050781250001 0.33646597222222224 0.9246394531250001 0.3104965277777778 0.885791796875 0.2910902777777778 0.8745546875000001 0.3053590277777778 0.9203050781250001 0.33646597222222224
2 0.9321660156249999 0.30713541666666666 0.94089453125 0.28693263888888887 0.901368359375 0.27434305555555555 0.8888515625 0.28722569444444446 0.9321660156249999 0.30713541666666666
2 0.948305859375 0.28546875 0.9524234375 0.2714152777777778 0.9105910156249999 0.2567756944444444 0.9020269531249999 0.2708298611111111 0.948305859375 0.28546875
2 0.9553878906250001 0.2667305555555555 0.959340234375 0.24945625 0.920801953125 0.22925347222222223 0.9092734374999999 0.25092013888888887 0.9553878906250001 0.2667305555555555