0 0.373828125 0.5326388888888889 0.39375 0.5388888888888889 0.4109375 0.5506944444444445 0.425 0.5479166666666667 0.43203125 0.5395833333333333 0.433203125 0.5326388888888889 0.432421875 0.525 0.428515625 0.5166666666666667 0.408984375 0.5027777777777778 0.38046875 0.5041666666666667 0.37578125 0.5076388888888889 0.373046875 0.5152777777777777 0.372265625 0.5298611111111111 0.373828125 0.5326388888888889
0 0.185546875 0.5076388888888889 0.195703125 0.5034722222222222 0.203515625 0.4951388888888889 0.200390625 0.48680555555555555 0.196875 0.4840277777777778 0.193359375 0.4840277777777778 0.1828125 0.49166666666666664 0.181640625 0.4951388888888889 0.185546875 0.5076388888888889
0 0.153515625 0.5069444444444444 0.152734375 0.5118055555555555 0.167578125 0.5118055555555555 0.173828125 0.5145833333333333 0.17734375 0.5180555555555556 0.17890625 0.5291666666666667 0.185546875 0.5326388888888889 0.188671875 0.5395833333333333 0.194921875 0.5368055555555555 0.194921875 0.5326388888888889 0.1984375 0.5270833333333333 0.209765625 0.5298611111111111 0.215625 0.5222222222222223 0.213671875 0.5055555555555555 0.207421875 0.4986111111111111 0.20078125 0.4861111111111111 0.190234375 0.47708333333333336 0.182421875 0.4722222222222222 0.175390625 0.47430555555555554 0.165625 0.4701388888888889 0.152734375 0.47708333333333336 0.151171875 0.48055555555555557 0.15078125 0.5013888888888889 0.153515625 0.5069444444444444
0 0.133203125 0.38958333333333334 0.154296875 0.4027777777777778 0.166796875 0.3993055555555556 0.171484375 0.3909722222222222 0.1703125 0.375 0.16484375 0.36875 0.144140625 0.36527777777777776 0.131640625 0.3729166666666667 0.13125 0.3819444444444444 0.133203125 0.38958333333333334
0 0.44375 0.6923611111111111 0.446484375 0.69375 0.45234375 0.6895833333333333 0.469921875 0.6909722222222222 0.4734375 0.7020833333333333 0.4734375 0.7069444444444445 0.477734375 0.7138888888888889 0.4859375 0.7201388888888889 0.50546875 0.7104166666666667 0.508984375 0.70625 0.51171875 0.6972222222222222 0.509765625 0.6895833333333333 0.501953125 0.6798611111111111 0.498046875 0.6784722222222223 0.49140625 0.6652777777777777 0.471875 0.6534722222222222 0.455859375 0.65 0.449609375 0.6541666666666667 0.4421875 0.6673611111111111 0.44140625 0.6826388888888889 0.44375 0.6923611111111111
0 0.485546875 0.5958333333333333 0.50234375 0.6 0.514453125 0.6125 0.52109375 0.6055555555555555 0.5296875 0.5881944444444445 0.529296875 0.5826388888888889 0.523046875 0.5743055555555555 0.522265625 0.5701388888888889 0.523828125 0.5631944444444444 0.512109375 0.55 0.504296875 0.55 0.4859375 0.5777777777777777 0.484375 0.5916666666666667 0.485546875 0.5958333333333333
0 0.818359375 0.44166666666666665 0.82734375 0.45625 0.84609375 0.46111111111111114 0.85234375 0.4548611111111111 0.856640625 0.44583333333333336 0.8515625 0.43194444444444446 0.8453125 0.42916666666666664 0.84296875 0.41458333333333336 0.83125 0.4041666666666667 0.81015625 0.4048611111111111 0.805859375 0.40694444444444444 0.804296875 0.4111111111111111 0.8046875 0.42777777777777776 0.818359375 0.44166666666666665
0 0.5578125 0.3458333333333333 0.5640625 0.3590277777777778 0.579296875 0.3611111111111111 0.58515625 0.3590277777777778 0.5859375 0.34652777777777777 0.583984375 0.33541666666666664 0.575390625 0.31805555555555554 0.572265625 0.3159722222222222 0.556640625 0.31666666666666665 0.552734375 0.3229166666666667 0.553125 0.34097222222222223 0.5578125 0.3458333333333333
0 0.628515625 0.3034722222222222 0.641015625 0.3055555555555556 0.644921875 0.30277777777777776 0.64609375 0.29305555555555557 0.63828125 0.27708333333333335 0.624609375 0.27152777777777776 0.621875 0.2722222222222222 0.61953125 0.27708333333333335 0.619921875 0.29305555555555557 0.628515625 0.3034722222222222
0 0.648046875 0.29375 0.652734375 0.29583333333333334 0.659765625 0.29375 0.66015625 0.2826388888888889 0.654296875 0.26805555555555555 0.64921875 0.2652777777777778 0.637890625 0.2659722222222222 0.636328125 0.27291666666666664 0.648046875 0.29375
0 0.669140625 0.2701388888888889 0.680078125 0.2743055555555556 0.684765625 0.26875 0.68515625 0.25833333333333336 0.68046875 0.2423611111111111 0.675 0.23958333333333334 0.66484375 0.24305555555555555 0.6625 0.24722222222222223 0.663671875 0.2611111111111111 0.669140625 0.2701388888888889
0 0.680859375 0.24444444444444444 0.685546875 0.2638888888888889 0.69296875 0.26319444444444445 0.69765625 0.25833333333333336 0.698046875 0.25069444444444444 0.694140625 0.2375 0.688671875 0.23125 0.685546875 0.22847222222222222 0.678515625 0.22916666666666666 0.674609375 0.23472222222222222 0.674609375 0.2388888888888889 0.680859375 0.24444444444444444
0 0.6875 0.2298611111111111 0.694921875 0.2388888888888889 0.699609375 0.25416666666666665 0.706640625 0.25277777777777777 0.708984375 0.24930555555555556 0.709765625 0.24027777777777778 0.703125 0.22569444444444445 0.69453125 0.22083333333333333 0.6890625 0.22152777777777777 0.68671875 0.225 0.6859375 0.22708333333333333 0.6875 0.2298611111111111
0 0.699609375 0.22013888888888888 0.70625 0.22847222222222222 0.71171875 0.24444444444444444 0.71953125 0.24861111111111112 0.72421875 0.24722222222222223 0.726171875 0.2361111111111111 0.71953125 0.21736111111111112 0.710546875 0.21180555555555555 0.7015625 0.21319444444444444 0.69921875 0.21666666666666667 0.699609375 0.22013888888888888
0 0.7265625 0.22569444444444445 0.7375 0.23055555555555557 0.74140625 0.23055555555555557 0.74375 0.22708333333333333 0.744921875 0.21458333333333332 0.7375 0.19791666666666666 0.725390625 0.19583333333333333 0.71953125 0.20277777777777778 0.720703125 0.21666666666666667 0.7265625 0.22569444444444445
0 0.766796875 0.20555555555555555 0.77421875 0.20277777777777778 0.775 0.19166666666666668 0.76953125 0.18125 0.759765625 0.1763888888888889 0.7515625 0.17708333333333334 0.7484375 0.1798611111111111 0.74921875 0.19444444444444445 0.766796875 0.20555555555555555
0 0.855078125 0.12569444444444444 0.85859375 0.12986111111111112 0.865625 0.13055555555555556 0.873046875 0.12291666666666666 0.87578125 0.10138888888888889 0.87265625 0.09652777777777778 0.866796875 0.09652777777777778 0.858203125 0.10277777777777777 0.855859375 0.10972222222222222 0.854296875 0.11805555555555555 0.855078125 0.12569444444444444
0 0.846875 0.4201388888888889 0.85234375 0.4236111111111111 0.866015625 0.42291666666666666 0.870703125 0.41458333333333336 0.867578125 0.3972222222222222 0.86171875 0.3902777777777778 0.8421875 0.3840277777777778 0.834765625 0.38680555555555557 0.83125 0.39444444444444443 0.83125 0.4013888888888889 0.846875 0.4201388888888889
0 0.846484375 0.3819444444444444 0.85234375 0.38263888888888886 0.866796875 0.3923611111111111 0.8734375 0.40902777777777777 0.879296875 0.4083333333333333 0.8828125 0.40069444444444446 0.8828125 0.39375 0.875 0.3770833333333333 0.863671875 0.37222222222222223 0.852734375 0.3715277777777778 0.848828125 0.37222222222222223 0.8453125 0.3763888888888889 0.844921875 0.3798611111111111 0.846484375 0.3819444444444444
0 0.870703125 0.37430555555555556 0.875390625 0.37777777777777777 0.87890625 0.3875 0.883203125 0.38958333333333334 0.89296875 0.38680555555555557 0.898046875 0.3659722222222222 0.893359375 0.36666666666666664 0.8859375 0.35138888888888886 0.876953125 0.3458333333333333 0.855859375 0.3451388888888889 0.851171875 0.35138888888888886 0.848828125 0.3701388888888889 0.870703125 0.37430555555555556
0 0.85859375 0.34444444444444444 0.87734375 0.3458333333333333 0.884375 0.3506944444444444 0.894140625 0.36944444444444446 0.898046875 0.3701388888888889 0.901953125 0.3625 0.90234375 0.35555555555555557 0.891015625 0.33402777777777776 0.887890625 0.33125 0.873046875 0.3263888888888889 0.863671875 0.32708333333333334 0.858984375 0.3298611111111111 0.85703125 0.3375 0.856640625 0.3416666666666667 0.85859375 0.34444444444444444
0 0.880078125 0.33611111111111114 0.882421875 0.33055555555555555 0.884375 0.33055555555555555 0.891015625 0.3375 0.89140625 0.3416666666666667 0.898046875 0.34791666666666665 0.90390625 0.35833333333333334 0.90625 0.35694444444444445 0.9125 0.34305555555555556 0.91328125 0.33402777777777776 0.90078125 0.3215277777777778 0.8859375 0.31875 0.87421875 0.3229166666666667 0.8734375 0.3277777777777778 0.880078125 0.33611111111111114
0 0.876171875 0.3194444444444444 0.89609375 0.32013888888888886 0.9140625 0.3388888888888889 0.91953125 0.33125 0.92109375 0.325 0.916796875 0.3145833333333333 0.90546875 0.30277777777777776 0.886328125 0.3 0.876953125 0.30416666666666664 0.874609375 0.3111111111111111 0.874609375 0.31666666666666665 0.876171875 0.3194444444444444
0 0.8921875 0.30069444444444443 0.912890625 0.29930555555555555 0.921484375 0.30416666666666664 0.923828125 0.29930555555555555 0.935546875 0.28958333333333336 0.934375 0.2826388888888889 0.9234375 0.27847222222222223 0.90078125 0.2791666666666667 0.88984375 0.2861111111111111 0.889453125 0.2965277777777778 0.8921875 0.30069444444444443
0 0.90703125 0.2777777777777778 0.925390625 0.2763888888888889 0.9359375 0.2798611111111111 0.9375 0.27569444444444446 0.9375 0.26875 0.934765625 0.26458333333333334 0.925 0.2604166666666667 0.908984375 0.2638888888888889 0.905078125 0.26805555555555555 0.9046875 0.27569444444444446 0.90703125 0.2777777777777778
2 0.54899765625 0.3962354166666666 0.5674445312499999 0.3808909722222222 0.55170546875 0.34659305555555553 0.53444375 0.3589284722222222 0.54899765625 0.3962354166666666
2 0.592321875 0.3619368055555555 0.603830078125 0.3520083333333333 0.58876796875 0.32342638888888886 0.5819988281249999 0.32793958333333334 0.592321875 0.3619368055555555
2 0.6070453125 0.3499027777777778 0.6202457031249999 0.3354611111111111 0.605183984375 0.30838333333333334 0.590121875 0.32132083333333333 0.6070453125 0.3499027777777778
2 0.622107421875 0.3354611111111111 0.6363230468750001 0.32222291666666664 0.61872265625 0.29634930555555555 0.6070453125 0.3071798611111111 0.622107421875 0.3354611111111111
2 0.665737890625 0.29451180555555556 0.6763703125 0.2841458333333333 0.6628796875 0.26483680555555555 0.656934375 0.2686986111111111 0.665737890625 0.29451180555555556
2 0.5811437500000001 0.32701874999999997 0.5538828125 0.34151319444444445 0.56993359375 0.37729444444444443 0.587258203125 0.36234791666666666 0.5811437500000001 0.32701874999999997
2 0.639270703125 0.2814951388888889 0.62073828125 0.2943486111111111 0.637437890625 0.32114027777777776 0.653119140625 0.3110027777777778 0.639270703125 0.2814951388888889
2 0.65505390625 0.2682805555555556 0.641714453125 0.277875 0.654341015625 0.30919236111111115 0.66462578125 0.2990548611111111 0.65505390625 0.2682805555555556
2 0.679492578125 0.2474625 0.66340390625 0.25796180555555553 0.679492578125 0.28439166666666665 0.6937484375 0.27334930555555553 0.679492578125 0.2474625
2 0.6958307550781251 0.2715874583333333 0.705051171875 0.2652034722222222 0.691813671875 0.23623888888888891 0.681936328125 0.24510902777777777 0.6958307550781251 0.2715874583333333
2 0.7001632812499999 0.22537708333333334 0.692730078125 0.2333423611111111 0.70606953125 0.26303055555555555 0.717066796875 0.2565138888888889 0.7001632812499999 0.22537708333333334
2 0.7141136718750001 0.21867916666666667 0.704236328125 0.22248125 0.71788125 0.2534361111111111 0.727555078125 0.24764375000000002 0.7141136718750001 0.21867916666666667
2 0.7213433593749999 0.21433472222222222 0.716251953125 0.21650694444444443 0.730609765625 0.24492847222222222 0.7376359375 0.23913541666666668 0.7213433593749999 0.21433472222222222
2 0.733257421875 0.20401666666666665 0.722463671875 0.21361041666666666 0.739570703125 0.23732499999999998 0.74761484375 0.2308083333333333 0.733257421875 0.20401666666666665
2 0.765740234375 0.17975902777777777 0.7511789062500001 0.19351666666666667 0.7689984375 0.21397291666666665 0.781625 0.2041972222222222 0.765740234375 0.17975902777777777
2 0.841441796875 0.4725701388888889 0.855951953125 0.45076319444444446 0.822593359375 0.4015652777777778 0.805390625 0.42815902777777776 0.841441796875 0.4725701388888889
2 0.864628125 0.4377326388888889 0.8740523437500001 0.42230833333333334 0.8447328125 0.38374722222222224 0.8320175781250001 0.39784236111111115 0.864628125 0.4377326388888889
2 0.8777921875000001 0.4148618055555555 0.889011328125 0.40262916666666665 0.850566796875 0.36991875 0.8459296875 0.38002430555555555 0.8777921875000001 0.4148618055555555
2 0.8909914062500001 0.39892638888888887 0.8966749999999999 0.3760902777777778 0.8626859375 0.3471909722222222 0.851659375 0.3674 0.8909914062500001 0.39892638888888887
2 0.8990621093750001 0.3762923611111111 0.905428125 0.36073125 0.8741671875 0.3296097222222222 0.8624585937499999 0.3413305555555556 0.8990621093750001 0.3762923611111111
2 0.90838359375 0.35668958333333334 0.915090625 0.34193680555555556 0.8820109374999999 0.3186965277777778 0.8764406250000001 0.3255673611111111 0.90838359375 0.35668958333333334
2 0.91759140625 0.33951180555555555 0.922820703125 0.31788819444444444 0.895197265625 0.29747708333333334 0.875190234375 0.3120277777777778 0.91759140625 0.33951180555555555
2 0.921797265625 0.30636874999999997 0.921569921875 0.3025291666666667 0.926685546875 0.29909375 0.93714375 0.29202083333333334 0.904177734375 0.2774701388888889 0.89121875 0.29343541666666667 0.921797265625 0.30636874999999997
2 0.9390761718749999 0.2853513888888889 0.935438671875 0.2798951388888889 0.9366890625 0.2752472222222222 0.938053125 0.2734284722222222 0.944646484375 0.2714076388888889 0.9117941406250001 0.2606965277777778 0.9061101562499999 0.2722159722222222 0.9390761718749999 0.2853513888888889