0 0.2734375 0.47708333333333336 0.28671875 0.48055555555555557 0.2953125 0.4875 0.300390625 0.4861111111111111 0.31015625 0.4701388888888889 0.308984375 0.46458333333333335 0.300390625 0.45694444444444443 0.30078125 0.44583333333333336 0.2953125 0.43819444444444444 0.287890625 0.43819444444444444 0.280078125 0.4444444444444444 0.272265625 0.4625 0.271875 0.4708333333333333 0.2734375 0.47708333333333336
0 0.15390625 0.5034722222222222 0.1796875 0.5159722222222223 0.185546875 0.5229166666666667 0.196484375 0.5222222222222223 0.196484375 0.5152777777777777 0.192578125 0.5083333333333333 0.173046875 0.4840277777777778 0.165234375 0.4798611111111111 0.15234375 0.48194444444444445 0.1515625 0.49583333333333335 0.15390625 0.5034722222222222
0 0.155078125 0.5236111111111111 0.173828125 0.5423611111111111 0.1859375 0.5430555555555555 0.19453125 0.5361111111111111 0.194921875 0.5326388888888889 0.1890625 0.525 0.18515625 0.5263888888888889 0.153515625 0.5118055555555555 0.153125 0.5166666666666667 0.155078125 0.5236111111111111
0 0.179296875 0.41597222222222224 0.199609375 0.42569444444444443 0.20546875 0.43194444444444446 0.214453125 0.43194444444444446 0.226953125 0.425 0.22734375 0.41805555555555557 0.224609375 0.4076388888888889 0.219140625 0.39861111111111114 0.209765625 0.39305555555555555 0.1890625 0.39444444444444443 0.18203125 0.3972222222222222 0.178125 0.40347222222222223 0.177734375 0.41180555555555554 0.179296875 0.41597222222222224
0 0.42890625 0.7020833333333333 0.43671875 0.7027777777777777 0.452734375 0.6902777777777778 0.4625 0.6930555555555555 0.46796875 0.6909722222222222 0.47265625 0.6965277777777777 0.473046875 0.7 0.469921875 0.7097222222222223 0.47734375 0.7145833333333333 0.48046875 0.7201388888888889 0.48671875 0.7222222222222222 0.5046875 0.7138888888888889 0.509765625 0.70625 0.509765625 0.6923611111111111 0.505078125 0.68125 0.4953125 0.6756944444444445 0.4875 0.6604166666666667 0.463671875 0.6458333333333334 0.45625 0.6451388888888889 0.45 0.6486111111111111 0.436328125 0.6409722222222223 0.43125 0.6416666666666667 0.418359375 0.6548611111111111 0.415625 0.6652777777777777 0.415234375 0.6819444444444445 0.42890625 0.7020833333333333
0 0.866015625 0.8694444444444445 0.874609375 0.8736111111111111 0.880078125 0.8826388888888889 0.923046875 0.8770833333333333 0.92421875 0.875 0.925 0.8694444444444445 0.921875 0.8625 0.910546875 0.8555555555555555 0.88671875 0.8347222222222223 0.870703125 0.83125 0.863671875 0.8361111111111111 0.859375 0.8347222222222223 0.86171875 0.8625 0.866015625 0.8694444444444445
0 0.8578125 0.12777777777777777 0.862890625 0.12986111111111112 0.86953125 0.12708333333333333 0.873828125 0.11875 0.876171875 0.09861111111111111 0.871484375 0.09583333333333334 0.86484375 0.09722222222222222 0.857421875 0.10555555555555556 0.855078125 0.11527777777777778 0.855078125 0.12361111111111112 0.8578125 0.12777777777777777
0 0.89375 0.10277777777777777 0.897265625 0.09930555555555555 0.89921875 0.08819444444444445 0.8953125 0.08402777777777778 0.887890625 0.08263888888888889 0.882421875 0.08541666666666667 0.879296875 0.09305555555555556 0.8796875 0.10208333333333333 0.89375 0.10277777777777777
0 0.750390625 0.19444444444444445 0.76640625 0.20555555555555555 0.771875 0.20555555555555555 0.773828125 0.20277777777777778 0.774609375 0.19166666666666668 0.769921875 0.18055555555555555 0.758984375 0.17569444444444443 0.74921875 0.17847222222222223 0.748828125 0.18958333333333333 0.750390625 0.19444444444444445
0 0.72578125 0.22569444444444445 0.738671875 0.23055555555555557 0.743359375 0.22777777777777777 0.744921875 0.2152777777777778 0.73828125 0.19930555555555557 0.725390625 0.19583333333333333 0.71953125 0.20347222222222222 0.71953125 0.2152777777777778 0.72578125 0.22569444444444445
0 0.705859375 0.22569444444444445 0.7125 0.24513888888888888 0.7203125 0.24930555555555556 0.725390625 0.24513888888888888 0.726171875 0.2361111111111111 0.7203125 0.21805555555555556 0.709765625 0.2125 0.70234375 0.21388888888888888 0.70078125 0.22013888888888888 0.705859375 0.22569444444444445
0 0.69453125 0.2375 0.699609375 0.25555555555555554 0.708984375 0.2513888888888889 0.71015625 0.24097222222222223 0.703515625 0.22569444444444445 0.692578125 0.22013888888888888 0.68671875 0.22430555555555556 0.68671875 0.22847222222222222 0.69453125 0.2375
0 0.680859375 0.24375 0.685546875 0.26319444444444445 0.693359375 0.2625 0.69765625 0.25833333333333336 0.6984375 0.25069444444444444 0.693359375 0.23541666666666666 0.6859375 0.22777777777777777 0.6765625 0.23125 0.67578125 0.2375 0.680859375 0.24375
0 0.668359375 0.2701388888888889 0.678515625 0.2743055555555556 0.683984375 0.27152777777777776 0.684765625 0.25972222222222224 0.679296875 0.24166666666666667 0.66796875 0.24166666666666667 0.663671875 0.24375 0.662109375 0.24791666666666667 0.6625 0.2611111111111111 0.668359375 0.2701388888888889
0 0.64765625 0.29444444444444445 0.654296875 0.2965277777777778 0.66015625 0.2923611111111111 0.66015625 0.2826388888888889 0.654296875 0.26805555555555555 0.65078125 0.2652777777777778 0.640234375 0.26458333333333334 0.636328125 0.26875 0.636328125 0.27361111111111114 0.64765625 0.29444444444444445
0 0.628515625 0.3034722222222222 0.6359375 0.30625 0.64375 0.3055555555555556 0.64765625 0.2972222222222222 0.6421875 0.27847222222222223 0.637890625 0.27291666666666664 0.62265625 0.27152777777777776 0.61953125 0.2763888888888889 0.619140625 0.29097222222222224 0.628515625 0.3034722222222222
0 0.5640625 0.3590277777777778 0.57890625 0.3611111111111111 0.584765625 0.3590277777777778 0.5859375 0.34791666666666665 0.583984375 0.3347222222222222 0.57734375 0.32013888888888886 0.571875 0.3159722222222222 0.55859375 0.3159722222222222 0.552734375 0.3215277777777778 0.553125 0.3388888888888889 0.5640625 0.3590277777777778
0 0.815234375 0.4375 0.827734375 0.45625 0.8453125 0.46319444444444446 0.851953125 0.45555555555555555 0.856640625 0.44583333333333336 0.851953125 0.4326388888888889 0.845703125 0.42916666666666664 0.843359375 0.425 0.84375 0.4152777777777778 0.835546875 0.40625 0.827734375 0.40208333333333335 0.81640625 0.40347222222222223 0.8078125 0.40555555555555556 0.8046875 0.41041666666666665 0.8046875 0.42777777777777776 0.815234375 0.4375
0 0.851171875 0.42291666666666666 0.8671875 0.4222222222222222 0.87109375 0.4152777777777778 0.8671875 0.3951388888888889 0.862890625 0.3902777777777778 0.855859375 0.38958333333333334 0.846484375 0.3840277777777778 0.8359375 0.3854166666666667 0.83125 0.3902777777777778 0.83125 0.4013888888888889 0.851171875 0.42291666666666666
0 0.846484375 0.3819444444444444 0.852734375 0.38263888888888886 0.866796875 0.3923611111111111 0.873046875 0.40902777777777777 0.879296875 0.40902777777777777 0.883203125 0.4 0.88359375 0.39375 0.87421875 0.3763888888888889 0.852734375 0.37083333333333335 0.8453125 0.3763888888888889 0.844921875 0.3798611111111111 0.846484375 0.3819444444444444
0 0.86953125 0.3729166666666667 0.876953125 0.3784722222222222 0.87890625 0.38680555555555557 0.882421875 0.3888888888888889 0.890625 0.38680555555555557 0.89453125 0.3770833333333333 0.89375 0.36944444444444446 0.887109375 0.35555555555555557 0.88125 0.3486111111111111 0.85546875 0.3458333333333333 0.8515625 0.35 0.849609375 0.3701388888888889 0.86953125 0.3729166666666667
0 0.858203125 0.34375 0.876953125 0.3451388888888889 0.88515625 0.3506944444444444 0.89453125 0.36736111111111114 0.897265625 0.36875 0.90078125 0.36319444444444443 0.9015625 0.35555555555555557 0.892578125 0.33541666666666664 0.889453125 0.33194444444444443 0.86953125 0.325 0.859375 0.3284722222222222 0.85703125 0.3368055555555556 0.856640625 0.3416666666666667 0.858203125 0.34375
0 0.8765625 0.3263888888888889 0.89140625 0.3326388888888889 0.897265625 0.3423611111111111 0.9039886718749999 0.36044027777777776 0.91015625 0.3423611111111111 0.909375 0.33125 0.89609375 0.31875 0.880078125 0.31875 0.875390625 0.32222222222222224 0.87421875 0.32430555555555557 0.8765625 0.3263888888888889
0 0.89453125 0.31805555555555554 0.910546875 0.33194444444444443 0.917578125 0.33125 0.921875 0.32569444444444445 0.90703125 0.3034722222222222 0.894140625 0.3034722222222222 0.886328125 0.3 0.878515625 0.3034722222222222 0.875390625 0.3090277777777778 0.876171875 0.31805555555555554 0.89453125 0.31805555555555554
0 0.893359375 0.30069444444444443 0.918359375 0.30069444444444443 0.926171875 0.2972222222222222 0.936328125 0.2881944444444444 0.9359375 0.28402777777777777 0.93359375 0.28125 0.921484375 0.2777777777777778 0.9 0.2791666666666667 0.88984375 0.2861111111111111 0.88984375 0.2965277777777778 0.893359375 0.30069444444444443
0 0.90703125 0.2777777777777778 0.920703125 0.2763888888888889 0.9359375 0.2798611111111111 0.938671875 0.27291666666666664 0.934765625 0.26458333333333334 0.92734375 0.2611111111111111 0.9109375 0.26319444444444445 0.905859375 0.26666666666666666 0.9046875 0.27569444444444446 0.90703125 0.2777777777777778
0 0.912890625 0.2625 0.929296875 0.2611111111111111 0.9359375 0.2638888888888889 0.942578125 0.2611111111111111 0.944921875 0.2534722222222222 0.949609375 0.2520833333333333 0.95078125 0.24791666666666667 0.949609375 0.24513888888888888 0.94609375 0.24444444444444444 0.937369921875 0.2465277777777778 0.927734375 0.24513888888888888 0.914453125 0.25069444444444444 0.910546875 0.2548611111111111 0.91015625 0.2590277777777778 0.912890625 0.2625
2 0.570571875 0.3807888888888889 0.5894078125 0.36715763888888886 0.576239453125 0.3259673611111111 0.554069921875 0.3381166666666667 0.570571875 0.3807888888888889
2 0.5909078125 0.36182361111111105 0.603076171875 0.3505625 0.586740625 0.32181805555555554 0.57757265625 0.3265597222222222 0.5909078125 0.36182361111111105
2 0.6062429687499999 0.34937708333333334 0.621578515625 0.3357458333333333 0.604909765625 0.3078909722222222 0.5905746093750001 0.31944791666666666 0.6062429687499999 0.34937708333333334
2 0.623578515625 0.3357458333333333 0.6367468749999999 0.32418888888888886 0.620578125 0.29455555555555557 0.606409765625 0.3061125 0.623578515625 0.3357458333333333
2 0.640580859375 0.32181805555555554 0.653082421875 0.31144652777777776 0.6385804687500001 0.2818131944444444 0.6222453125 0.2936666666666667 0.640580859375 0.32181805555555554
2 0.6574164062500001 0.30907569444444444 0.669584375 0.29840833333333333 0.650415234375 0.2667 0.6389140624999999 0.27440486111111106 0.6574164062500001 0.30907569444444444
2 0.671584765625 0.29574097222222223 0.682752734375 0.28862916666666666 0.66208359375 0.2619590277777778 0.653582421875 0.26729305555555555 0.671584765625 0.29574097222222223
2 0.67508515625 0.2474388888888889 0.664250390625 0.25869930555555554 0.68391953125 0.28596180555555556 0.693254296875 0.2785534722222222 0.67508515625 0.2474388888888889
2 0.6890871093750001 0.23736319444444445 0.6785855468750001 0.24595694444444444 0.6935875 0.27647916666666666 0.704088671875 0.26729305555555555 0.6890871093750001 0.23736319444444445
2 0.699421484375 0.22432430555555555 0.6894203125 0.2317326388888889 0.7060890625 0.2655152777777778 0.717923828125 0.25781041666666665 0.699421484375 0.22432430555555555
2 0.713756640625 0.21602708333333334 0.702921875 0.22106458333333334 0.719090625 0.25514305555555555 0.728591796875 0.2489201388888889 0.713756640625 0.21602708333333334
2 0.7205910156249999 0.21365625000000002 0.716090234375 0.2154347222222222 0.7300921875 0.2471423611111111 0.7312589843749999 0.24566041666666666 0.737759765625 0.23973402777777778 0.7205910156249999 0.21365625000000002
2 0.7312589843749999 0.20061805555555554 0.7217578125 0.20861875 0.7394265625 0.2388451388888889 0.749427734375 0.2299548611111111 0.7312589843749999 0.20061805555555554
2 0.7396828125 0.19633263888888888 0.73371015625 0.19883125000000001 0.751394140625 0.22860347222222224 0.75806953125 0.22298263888888892 0.7396828125 0.19633263888888888
2 0.7490519531250001 0.19008680555555557 0.7426109375000001 0.1944590277777778 0.759475 0.2225659722222222 0.760177734375 0.22173333333333334 0.7682585937499999 0.21236388888888888 0.7490519531250001 0.19008680555555557
2 0.765096484375 0.17780277777777778 0.751276953125 0.18654722222222223 0.771186328125 0.21069861111111113 0.77996953125 0.20341180555555557 0.765096484375 0.17780277777777778
2 0.84530078125 0.4681361111111111 0.8590519531249999 0.44453263888888883 0.8215917968750001 0.4026645833333333 0.8068921874999999 0.4290777777777777 0.84530078125 0.4681361111111111
2 0.86142265625 0.4408798611111111 0.8748578124999999 0.4150284722222222 0.8441941406250001 0.37934236111111114 0.82775625 0.40069791666666665 0.86142265625 0.4408798611111111
2 0.8448265625 0.3770944444444444 0.8778609375 0.41699513888888884 0.884657421875 0.3998548611111111 0.8517812499999999 0.3695076388888889 0.8459328125000001 0.3770944444444444 0.8448265625 0.3770944444444444
2 0.887028125 0.3967638888888889 0.89445703125 0.3737222222222222 0.861106640625 0.34477986111111114 0.8494101562499999 0.3633256944444444 0.887028125 0.3967638888888889
2 0.8982503906250001 0.3734409722222222 0.903782421875 0.35882986111111115 0.872644921875 0.3237055555555556 0.86 0.3397222222222222 0.8982503906250001 0.3734409722222222
2 0.906627734375 0.35658124999999996 0.9102628906250001 0.33944097222222225 0.87833515625 0.3124652777777778 0.87138046875 0.32173819444444446 0.906627734375 0.35658124999999996
2 0.91358203125 0.33915972222222224 0.9225914062499999 0.32482916666666667 0.887028125 0.2961680555555556 0.8754898437499999 0.3096555555555556 0.91358203125 0.33915972222222224
2 0.9213269531250001 0.3172423611111111 0.934762109375 0.2933576388888889 0.905046875 0.2764979166666667 0.8898734375 0.2930770833333333 0.9213269531250001 0.3172423611111111
2 0.93744921875 0.2852090277777778 0.9447199218750001 0.27172152777777775 0.91453046875 0.2590763888888889 0.90457265625 0.2714402777777778 0.93744921875 0.2852090277777778
2 0.9093144531249999 0.2551423611111111 0.9383976562499999 0.2635722222222222 0.9464585937500001 0.25345694444444444 0.94756484375 0.24755555555555556 0.92543671875 0.23940694444444444 0.9104210937499999 0.2554236111111111 0.9093144531249999 0.2551423611111111