0 0.0984375 0.40902777777777777 0.10234375 0.4125 0.109375 0.4125 0.11953125 0.4215277777777778 0.13828125 0.41875 0.142578125 0.4041666666666667 0.140625 0.3972222222222222 0.133984375 0.3902777777777778 0.126953125 0.37777777777777777 0.1125 0.36736111111111114 0.10078125 0.36875 0.09453125 0.3819444444444444 0.094921875 0.39861111111111114 0.0984375 0.40902777777777777
0 0.030859375 0.3173611111111111 0.032421875 0.32083333333333336 0.03515625 0.3194444444444444 0.041015625 0.32222222222222224 0.043359375 0.33055555555555555 0.05390625 0.3368055555555556 0.05546875 0.325 0.05 0.2972222222222222 0.042578125 0.2965277777777778 0.033203125 0.3 0.03203125 0.30277777777777776 0.032421875 0.3104166666666667 0.030859375 0.3173611111111111
0 0.171875 0.45902777777777776 0.17890625 0.4666666666666667 0.1875 0.46805555555555556 0.1953125 0.47430555555555554 0.20703125 0.475 0.216796875 0.47152777777777777 0.21953125 0.46319444444444446 0.216796875 0.4548611111111111 0.203125 0.43680555555555556 0.18203125 0.4326388888888889 0.174609375 0.4340277777777778 0.1703125 0.4395833333333333 0.169921875 0.4486111111111111 0.171875 0.45902777777777776
0 0.084375 0.8659722222222223 0.0875 0.8708333333333333 0.097265625 0.8770833333333333 0.11953125 0.8770833333333333 0.128515625 0.8611111111111112 0.14296875 0.8430555555555556 0.15703125 0.8354166666666667 0.16171875 0.8277777777777777 0.164453125 0.8083333333333333 0.163671875 0.7881944444444444 0.151953125 0.7722222222222223 0.14296875 0.7701388888888889 0.131640625 0.7736111111111111 0.10546875 0.8027777777777778 0.087890625 0.8361111111111111 0.083984375 0.8506944444444444 0.084375 0.8659722222222223
0 0.482421875 0.6777777777777778 0.490234375 0.6715277777777777 0.502734375 0.6736111111111112 0.516796875 0.6777777777777778 0.522265625 0.6854166666666667 0.528515625 0.6875 0.543359375 0.6763888888888889 0.54609375 0.66875 0.54609375 0.6534722222222222 0.544140625 0.6409722222222223 0.54140625 0.6326388888888889 0.5375 0.6298611111111111 0.50390625 0.6256944444444444 0.491796875 0.6333333333333333 0.476953125 0.6347222222222222 0.4734375 0.6388888888888888 0.47109375 0.6493055555555556 0.47109375 0.6652777777777777 0.482421875 0.6777777777777778
0 0.5640625 0.3590277777777778 0.582421875 0.36041666666666666 0.58515625 0.35833333333333334 0.5859375 0.34652777777777777 0.584375 0.33819444444444446 0.5828125 0.33125 0.5765625 0.3194444444444444 0.571875 0.3159722222222222 0.55703125 0.3159722222222222 0.552734375 0.3215277777777778 0.553515625 0.33958333333333335 0.5640625 0.3590277777777778
0 0.627734375 0.30277777777777776 0.641796875 0.3055555555555556 0.644140625 0.30486111111111114 0.646484375 0.29930555555555555 0.64609375 0.29097222222222224 0.637109375 0.2743055555555556 0.62265625 0.27152777777777776 0.61953125 0.2763888888888889 0.61953125 0.2916666666666667 0.627734375 0.30277777777777776
0 0.648046875 0.29444444444444445 0.6578125 0.29583333333333334 0.659765625 0.29305555555555557 0.66015625 0.2826388888888889 0.65390625 0.2673611111111111 0.6390625 0.26458333333333334 0.6359375 0.26875 0.63515625 0.2722222222222222 0.648046875 0.29444444444444445
0 0.66875 0.2701388888888889 0.678125 0.2743055555555556 0.68359375 0.2722222222222222 0.68515625 0.26666666666666666 0.684765625 0.25833333333333336 0.680078125 0.2423611111111111 0.673828125 0.24027777777777778 0.662890625 0.24513888888888888 0.6625 0.25833333333333336 0.66875 0.2701388888888889
0 0.680859375 0.24305555555555555 0.6859375 0.2611111111111111 0.69140625 0.26180555555555557 0.69765625 0.25833333333333336 0.6984375 0.25069444444444444 0.69375 0.2361111111111111 0.685546875 0.22708333333333333 0.67734375 0.23055555555555557 0.675390625 0.2375 0.680859375 0.24305555555555555
0 0.694140625 0.2375 0.699609375 0.25416666666666665 0.71015625 0.2513888888888889 0.711328125 0.24444444444444444 0.7046875 0.22708333333333333 0.69921875 0.22152777777777777 0.6890625 0.22013888888888888 0.68515625 0.22708333333333333 0.694140625 0.2375
0 0.7 0.22013888888888888 0.707421875 0.2298611111111111 0.7125 0.24444444444444444 0.719921875 0.24791666666666667 0.725390625 0.24444444444444444 0.72578125 0.23402777777777778 0.721875 0.22083333333333333 0.71796875 0.21458333333333332 0.709765625 0.2111111111111111 0.701953125 0.2125 0.699609375 0.21666666666666667 0.7 0.22013888888888888
0 0.72578125 0.22430555555555556 0.735546875 0.2298611111111111 0.741015625 0.23055555555555557 0.743359375 0.22708333333333333 0.744921875 0.21458333333333332 0.737890625 0.19791666666666666 0.725390625 0.19583333333333333 0.71953125 0.20277777777777778 0.7203125 0.21666666666666667 0.72578125 0.22430555555555556
0 0.75 0.19583333333333333 0.7671875 0.20555555555555555 0.77265625 0.2048611111111111 0.77421875 0.20208333333333334 0.775 0.19166666666666668 0.76953125 0.18055555555555555 0.758984375 0.17569444444444443 0.748828125 0.17847222222222223 0.7484375 0.19305555555555556 0.75 0.19583333333333333
0 0.84765625 0.16319444444444445 0.857421875 0.16458333333333333 0.862109375 0.1597222222222222 0.862890625 0.15 0.86171875 0.14375 0.855859375 0.14097222222222222 0.851953125 0.1423611111111111 0.846875 0.15416666666666667 0.846484375 0.16111111111111112 0.84765625 0.16319444444444445
0 0.866796875 0.12916666666666668 0.87265625 0.12291666666666666 0.8765625 0.10208333333333333 0.8734375 0.09652777777777778 0.865234375 0.09652777777777778 0.85859375 0.10208333333333333 0.855078125 0.11180555555555556 0.855859375 0.12777777777777777 0.866796875 0.12916666666666668
0 0.80625 0.4284722222222222 0.82109375 0.44375 0.82578125 0.44375 0.82578125 0.44930555555555557 0.828515625 0.45625 0.8453125 0.46111111111111114 0.85234375 0.45416666666666666 0.85625 0.44583333333333336 0.85234375 0.43333333333333335 0.844140625 0.4263888888888889 0.84296875 0.41458333333333336 0.83515625 0.40694444444444444 0.815625 0.4041666666666667 0.80703125 0.40625 0.8046875 0.4111111111111111 0.8046875 0.425 0.80625 0.4284722222222222
0 0.85234375 0.42291666666666666 0.866796875 0.4222222222222222 0.87109375 0.4152777777777778 0.867578125 0.3958333333333333 0.862890625 0.3902777777777778 0.844140625 0.38333333333333336 0.83515625 0.3861111111111111 0.831640625 0.3923611111111111 0.831640625 0.40208333333333335 0.85234375 0.42291666666666666
0 0.851953125 0.38263888888888886 0.8671875 0.39305555555555555 0.872265625 0.4076388888888889 0.87578125 0.41041666666666665 0.880078125 0.4083333333333333 0.8828125 0.40069444444444446 0.882421875 0.3923611111111111 0.875 0.3770833333333333 0.8640625 0.37222222222222223 0.85234375 0.37083333333333335 0.84921875 0.3715277777777778 0.845703125 0.3763888888888889 0.846484375 0.3819444444444444 0.851953125 0.38263888888888886
0 0.873828125 0.3763888888888889 0.880078125 0.38819444444444445 0.88984375 0.38819444444444445 0.89375 0.38333333333333336 0.894921875 0.37777777777777777 0.89453125 0.37083333333333335 0.880859375 0.3486111111111111 0.85859375 0.3451388888888889 0.85234375 0.34791666666666665 0.851171875 0.35208333333333336 0.849609375 0.36944444444444446 0.873828125 0.3763888888888889
0 0.858984375 0.34444444444444444 0.875390625 0.3451388888888889 0.88515625 0.35 0.8890625 0.3548611111111111 0.890234375 0.3625 0.894140625 0.3680555555555556 0.897265625 0.36944444444444446 0.90078125 0.36319444444444443 0.9015625 0.35555555555555557 0.8875 0.33125 0.868359375 0.32569444444444445 0.860546875 0.3277777777777778 0.85703125 0.33541666666666664 0.856640625 0.3423611111111111 0.858984375 0.34444444444444444
0 0.887890625 0.33194444444444443 0.904296875 0.3576388888888889 0.91171875 0.3458333333333333 0.91171875 0.33125 0.9 0.32083333333333336 0.893359375 0.31805555555555554 0.874609375 0.32083333333333336 0.87265625 0.32430555555555557 0.887890625 0.33194444444444443
0 0.8765625 0.31875 0.896484375 0.31875 0.914453125 0.3298611111111111 0.91796875 0.32916666666666666 0.920703125 0.32430555555555557 0.91875 0.3104166666666667 0.91640625 0.3111111111111111 0.912109375 0.3034722222222222 0.8859375 0.3020833333333333 0.87734375 0.30625 0.875390625 0.3104166666666667 0.875 0.3173611111111111 0.8765625 0.31875
0 0.893359375 0.30069444444444443 0.91875 0.30069444444444443 0.93671875 0.2881944444444444 0.93515625 0.28194444444444444 0.921875 0.27708333333333335 0.904296875 0.2777777777777778 0.890234375 0.28541666666666665 0.890234375 0.2972222222222222 0.893359375 0.30069444444444443
0 0.907421875 0.2777777777777778 0.9234375 0.2763888888888889 0.935546875 0.2798611111111111 0.939453125 0.2763888888888889 0.940234375 0.2722222222222222 0.9359375 0.26458333333333334 0.925 0.2604166666666667 0.9109375 0.26319444444444445 0.905078125 0.2673611111111111 0.904296875 0.27569444444444446 0.907421875 0.2777777777777778
0 0.9125 0.2625 0.926171875 0.25972222222222224 0.9359375 0.2638888888888889 0.95078125 0.2520833333333333 0.95234375 0.24791666666666667 0.94921875 0.24375 0.92734375 0.24375 0.9125 0.2513888888888889 0.91015625 0.25555555555555554 0.91015625 0.25972222222222224 0.9125 0.2625
0 0.93359375 0.24305555555555555 0.952734375 0.24027777777777778 0.9640625 0.23402777777777778 0.96875 0.22361111111111112 0.96640625 0.22083333333333333 0.9453125 0.2222222222222222 0.935546875 0.22708333333333333 0.930859375 0.23402777777777778 0.93046875 0.24097222222222223 0.93359375 0.24305555555555555
2 0.5701015625 0.38143888888888894 0.5931933593750001 0.362325 0.5778609375 0.3217715277777778 0.5526187499999999 0.33855833333333335 0.5701015625 0.38143888888888894
2 0.59562421875 0.3590013888888889 0.6053472656250001 0.3510236111111111 0.586462109375 0.3192784722222222 0.579450390625 0.3236 0.59562421875 0.3590013888888889
2 0.6082453125 0.35118958333333333 0.622175390625 0.3365638888888889 0.605066796875 0.30631458333333333 0.589547265625 0.31828125 0.6082453125 0.35118958333333333
2 0.624699609375 0.33589861111111113 0.6378816406250001 0.3242645833333333 0.6202121093749999 0.2930180555555556 0.6065625 0.3036548611111111 0.624699609375 0.33589861111111113
2 0.6388164062499999 0.32293472222222225 0.6543359375 0.3122979166666667 0.637975 0.2783923611111111 0.620492578125 0.2898604166666667 0.6388164062499999 0.32293472222222225
2 0.655551171875 0.30997083333333336 0.667891796875 0.30016458333333335 0.6527464843749999 0.2659270833333333 0.63937734375 0.2745694444444444 0.655551171875 0.30997083333333336
2 0.669855078125 0.29883541666666663 0.6807000000000001 0.2875333333333333 0.66134765625 0.26143958333333334 0.654429296875 0.2660930555555555 0.669855078125 0.29883541666666663
2 0.682569921875 0.2860375 0.692853515625 0.2783923611111111 0.6788300781250001 0.24764444444444444 0.66237578125 0.26094097222222223 0.682569921875 0.2860375
2 0.6791105468749999 0.24232569444444446 0.695751953125 0.2754006944444444 0.7070640625 0.2660930555555555 0.690048828125 0.23434791666666668 0.67985859375 0.24282430555555554 0.6791105468749999 0.24232569444444446
2 0.708092578125 0.26443125 0.717815625 0.25612083333333335 0.700145703125 0.22155 0.690703515625 0.23002638888888888 0.708092578125 0.26443125
2 0.71968515625 0.2544590277777778 0.730810546875 0.24598263888888888 0.712299609375 0.21307361111111112 0.701641796875 0.21988819444444446 0.71968515625 0.2544590277777778
2 0.73099765625 0.24515138888888888 0.7379156250000001 0.23783819444444446 0.7198722656250001 0.21307361111111112 0.715104296875 0.21490208333333333 0.73099765625 0.24515138888888888
2 0.7403464843750001 0.23866944444444446 0.749882421875 0.2316888888888889 0.735858984375 0.20293541666666665 0.722957421875 0.21124583333333335 0.7403464843750001 0.23866944444444446
2 0.7379156250000001 0.20260277777777777 0.751471875 0.22952777777777778 0.759979296875 0.22420972222222224 0.741001171875 0.2006083333333333 0.73941171875 0.2014395833333333 0.7379156250000001 0.20260277777777777
2 0.760446875 0.22121805555555554 0.767832421875 0.2129076388888889 0.74894765625 0.19246458333333333 0.7424035156250001 0.19828194444444444 0.760446875 0.22121805555555554
2 0.769608984375 0.2115777777777778 0.7818562499999999 0.20376666666666665 0.7603535156250001 0.17850347222222224 0.749601953125 0.1878111111111111 0.769608984375 0.2115777777777778
2 0.84312109375 0.467325 0.859168359375 0.44377777777777777 0.8237625 0.4007583333333333 0.8033847656249999 0.4179659722222222 0.84312109375 0.467325
2 0.8263734375 0.3969743055555556 0.8256640624999999 0.3983618055555555 0.8663796874999999 0.4402277777777778 0.8786511718750001 0.419925 0.84006328125 0.38007638888888884 0.82601875 0.39773125 0.8263734375 0.3969743055555556
2 0.8785800781249999 0.4187902777777778 0.889575 0.39798333333333336 0.8521218749999999 0.3660791666666667 0.84290078125 0.3798243055555556 0.8785800781249999 0.4187902777777778
2 0.8897875000000001 0.3972263888888889 0.8980867187499999 0.3769236111111111 0.8604921875 0.34501944444444443 0.8492136718750001 0.36418749999999994 0.8897875000000001 0.3972263888888889
2 0.8983707031250001 0.3726361111111111 0.906244140625 0.3544777777777778 0.8660960937500001 0.3245909722222222 0.8553140625 0.3393451388888889 0.8983707031250001 0.3726361111111111
2 0.90823046875 0.35359444444444443 0.9178062499999999 0.3372013888888889 0.8755300781249999 0.31462847222222223 0.86950078125 0.3245909722222222 0.90823046875 0.35359444444444443
2 0.9202890625 0.33556180555555554 0.9279496093749999 0.31563749999999996 0.8877304687500001 0.29495625000000003 0.87538828125 0.3108458333333333 0.9202890625 0.33556180555555554
2 0.8895039062500001 0.29066875 0.9294394531249999 0.31336736111111113 0.9428457031249999 0.29268680555555554 0.9010660156249999 0.2725104166666667 0.8890074218749999 0.29066875 0.8895039062500001 0.29066875
2 0.9437679687499999 0.2897861111111111 0.9485203125 0.27414930555555556 0.9089394531250001 0.2581340277777778 0.9029812500000001 0.26822222222222225 0.9437679687499999 0.2897861111111111
2 0.9483078125000001 0.26847499999999996 0.953201953125 0.24829791666666665 0.92369375 0.23467916666666666 0.9095070312500001 0.25309027777777776 0.9483078125000001 0.26847499999999996
2 0.9544812500000001 0.24602847222222224 0.96689453125 0.22534722222222223 0.9353976562499999 0.2122326388888889 0.92716953125 0.2297611111111111 0.9544812500000001 0.24602847222222224